Date,rate_CMCSA_5D,rate_VOO_20D,Divergence,Relative_Divergence,Delta_Previous_Relative_Divergence,Max_Divergence,Expected_Return
2015-01-02,0.0,0.0,0.0,100.0,0.0,0.0,0
2015-02-02,-3.73,-0.35,-3.38,95.91,-4.09,1.79,0
2015-03-03,7.09,4.16,2.93,100.0,4.09,2.93,0
2015-03-31,0.85,1.77,-0.92,95.11,-4.89,5.45,0
2015-04-29,4.16,3.8,0.36,96.09,0.98,5.45,0
2015-05-28,5.35,4.7,0.65,96.31,0.22,5.45,0
2015-06-25,8.59,3.4,5.19,99.8,3.49,5.45,0
2015-07-24,10.78,2.43,8.35,98.17,-1.63,10.83,0
2015-08-21,1.09,-2.77,3.86,94.86,-3.31,10.83,0
2015-09-21,3.07,-3.24,6.31,96.67,1.81,10.83,0
2015-10-19,9.56,0.19,9.37,98.92,2.25,10.83,0
2015-11-16,9.09,1.28,7.81,97.77,-1.15,10.83,0
2015-12-15,2.61,0.99,1.62,93.2,-4.57,10.83,0
2016-01-14,-2.18,-5.5,3.32,94.46,1.26,10.83,0
2016-02-12,0.89,-8.03,8.92,96.19,1.73,14.22,0
2016-03-14,5.2,-0.19,5.39,93.64,-2.55,14.22,0
2016-04-12,9.53,1.51,8.02,95.54,1.9,14.22,0
2016-05-10,11.08,2.72,8.36,95.78,0.24,14.22,0
2016-06-08,12.0,4.64,7.36,95.06,-0.72,14.22,0
2016-07-07,17.25,3.22,14.03,99.86,4.8,14.22,0
2016-08-04,18.71,6.55,12.16,98.52,-1.34,14.22,0
2016-09-01,16.3,6.98,9.32,96.47,-2.05,14.22,0
2016-09-30,17.09,6.55,10.54,97.35,0.88,14.22,0
2016-10-28,9.08,4.59,4.49,93.0,-4.35,14.22,0
2016-11-28,20.34,8.53,11.81,98.27,5.27,14.22,0
2016-12-27,24.66,11.22,13.44,98.94,0.67,14.92,0
2017-01-26,32.61,12.65,19.96,100.0,1.06,19.96,0
2017-02-24,32.84,16.21,16.63,97.06,-2.94,20.91,0
2017-03-24,30.8,14.65,16.15,96.73,-0.33,20.91,0
2017-04-24,32.75,16.11,16.64,97.07,0.34,20.91,0
2017-05-22,37.63,17.16,20.47,99.32,2.25,21.46,0
2017-06-20,40.42,19.3,21.12,96.0,-3.32,27.2,0
2017-07-19,36.5,20.55,15.95,92.59,-3.41,27.2,0
2017-08-16,42.79,20.37,22.42,96.85,4.26,27.2,0
2017-09-14,29.9,21.78,8.12,87.44,-9.41,27.2,0
2017-10-12,23.97,23.78,0.19,82.22,-5.22,27.2,0
2017-11-09,25.89,25.33,0.56,82.46,0.24,27.2,0
2017-12-08,30.43,28.66,1.77,83.26,0.8,27.2,0
2018-01-09,39.28,32.87,6.41,86.31,3.05,27.2,0
2018-02-07,37.4,29.27,8.13,87.45,1.14,27.2,0
2018-03-08,26.03,32.18,-6.15,78.05,-9.4,27.2,0
2018-04-06,16.48,25.03,-8.55,76.47,-1.58,27.2,0
2018-05-04,9.05,27.87,-18.82,69.71,-6.76,27.2,0
2018-06-04,6.71,31.88,-25.17,65.53,-4.18,27.2,0
2018-07-02,13.03,30.25,-17.22,70.76,5.23,27.2,0
2018-07-31,21.92,34.73,-12.81,73.66,2.9,27.2,0
2018-08-28,23.71,38.61,-14.9,72.29,-1.37,27.2,0
2018-09-26,20.22,38.34,-18.12,70.17,-2.12,27.2,0
2018-10-24,15.83,26.38,-10.55,75.15,4.98,27.2,0
2018-11-21,27.14,26.07,1.07,82.8,7.65,27.2,0
2018-12-21,14.22,14.29,-0.07,82.05,-0.75,27.2,0
2019-01-23,24.71,24.93,-0.22,81.95,-0.1,27.2,0
2019-02-21,29.88,31.47,-1.59,81.05,-0.9,27.2,0
2019-03-21,34.99,34.52,0.47,82.4,1.35,27.2,0
2019-04-18,42.76,36.81,5.95,86.01,3.61,27.2,0
2019-05-17,46.2,34.65,11.55,89.7,3.69,27.2,0
2019-06-17,42.65,36.1,6.55,86.41,-3.29,27.2,0
2019-07-16,50.83,40.67,10.16,88.78,2.37,27.2,0
2019-08-13,45.09,37.04,8.05,87.39,-1.39,27.2,0
2019-09-11,54.58,40.46,14.12,91.39,4.0,27.2,0
2019-10-09,47.54,35.98,11.56,89.7,-1.69,27.2,0
2019-11-06,46.71,43.13,3.58,84.45,-5.25,27.2,0
2019-12-05,45.83,45.14,0.69,82.55,-1.9,27.2,0
2020-01-06,47.6,50.24,-2.64,80.36,-2.19,27.2,0
2020-02-04,46.04,52.49,-6.45,77.85,-2.51,27.2,0
2020-03-04,39.92,44.68,-4.76,78.96,1.11,27.2,0
2020-04-01,6.7,13.74,-7.04,77.46,-1.5,27.2,0
2020-04-30,23.82,34.32,-10.5,75.18,-2.28,27.2,0
2020-05-29,30.16,40.47,-10.31,75.31,0.13,27.2,0
2020-06-26,26.85,38.89,-12.04,74.17,-1.14,27.2,0
2020-07-27,42.76,48.57,-5.81,78.27,4.1,27.2,0
2020-08-24,43.29,57.32,-14.03,72.86,-5.41,27.2,0
2020-09-22,50.82,51.8,-0.98,81.45,8.59,27.2,0
2020-10-20,44.27,56.79,-12.52,73.85,-7.6,27.2,0
2020-11-17,61.96,64.37,-2.41,80.51,6.66,27.2,0
2020-12-16,66.93,68.34,-1.41,81.17,0.66,27.2,0
2021-01-15,57.68,70.52,-12.84,73.64,-7.53,27.2,0
2021-02-16,70.74,77.66,-6.92,77.54,3.9,27.2,0
2021-03-16,87.07,78.86,8.21,87.5,9.96,27.2,0
2021-04-14,71.37,85.35,-13.98,72.89,-14.61,27.2,0
2021-05-12,81.58,82.17,-0.59,81.71,8.82,27.2,0
2021-06-10,81.05,89.81,-8.76,76.33,-5.38,27.2,0
2021-07-09,85.15,94.62,-9.47,75.86,-0.47,27.2,0
2021-08-06,86.77,97.23,-10.46,75.21,-0.65,27.2,0
2021-09-03,95.88,101.38,-5.5,78.47,3.26,27.2,0
2021-10-04,79.76,90.07,-10.31,75.31,-3.16,27.2,0
2021-11-01,65.09,103.4,-38.31,56.88,-18.43,27.2,0
2021-11-30,57.88,101.47,-43.59,53.4,-3.48,27.2,0
2021-12-29,59.49,110.49,-51.0,48.52,-4.88,27.2,0
2022-01-27,51.05,89.59,-38.54,56.72,8.2,27.2,0
2022-02-25,47.8,91.86,-44.06,53.09,-3.63,27.2,0
2022-03-25,47.73,97.91,-50.18,49.06,-4.03,27.2,0
2022-04-25,43.03,86.8,-43.77,53.28,4.22,27.2,0
2022-05-23,34.02,72.64,-38.62,56.67,3.39,27.2,0
2022-06-22,21.41,63.12,-41.71,54.64,-2.03,27.2,0
2022-07-21,31.79,72.71,-40.92,55.16,0.52,27.2,0
2022-08-18,20.28,84.98,-64.7,39.5,-15.66,27.2,0
2022-09-16,7.47,66.91,-59.44,42.97,3.47,27.2,0
2022-10-14,-4.57,53.85,-58.42,43.64,0.67,27.2,0
2022-11-11,1.88,71.06,-69.18,36.55,-7.09,27.2,0
2022-12-12,5.93,70.93,-65.0,39.31,2.76,27.2,0
2023-01-11,8.25,69.09,-60.84,42.04,2.73,27.2,0
2023-02-09,7.76,73.66,-65.9,38.71,-3.33,27.2,0
2023-03-10,1.92,64.3,-62.38,41.03,2.32,27.2,0
2023-04-10,8.43,73.97,-65.54,38.95,-2.08,27.2,0
2023-05-08,13.65,74.9,-61.25,41.77,2.82,27.2,0
2023-06-06,11.05,81.01,-69.96,36.04,-5.73,27.2,0
2023-07-06,14.9,85.42,-70.52,35.67,-0.37,27.2,0
2023-08-03,23.68,88.91,-65.23,39.15,3.48,27.2,0
2023-08-31,27.25,89.57,-62.32,41.07,1.92,27.2,0
2023-09-29,21.7,79.47,-57.77,44.07,3.0,27.2,0
2023-10-27,11.04,72.07,-61.03,41.92,-2.15,27.2,0
2023-11-27,16.46,90.05,-73.59,33.65,-8.27,27.2,0
2023-12-26,20.51,98.44,-77.93,30.79,-2.86,27.2,0
2024-01-25,23.42,103.14,-79.72,29.62,-1.17,27.2,0
2024-02-23,15.73,110.9,-95.17,19.45,-10.17,27.2,0
2024-03-22,17.54,115.96,-98.42,17.31,-2.14,27.2,0
2024-04-22,12.58,106.36,-93.78,20.36,3.05,27.2,0
2024-05-20,9.49,118.46,-108.97,10.36,-10.0,27.2,0
2024-06-18,4.24,125.56,-121.32,2.23,-8.13,27.2,0
2024-07-18,11.5,126.6,-115.1,6.33,4.1,27.2,0
2024-08-15,10.05,126.23,-116.18,5.62,-0.71,27.2,0
2024-09-13,10.07,129.28,-119.21,3.62,-2.0,27.2,0
2024-09-23,12.73,133.1,-120.37,2.86,-0.78,27.2,0
