Date,rate_PM_5D,rate_VOO_20D,Divergence,Relative_Divergence,Delta_Previous_Relative_Divergence,Max_Divergence,Expected_Return
2015-01-02,0.0,0.0,0.0,100.0,0.0,0.0,0.0
2015-02-02,0.25,-0.35,0.6,97.71,-2.29,3.4,0.08
2015-03-03,1.52,4.16,-2.64,95.06,-2.65,3.4,0.17
2015-03-31,-7.52,1.77,-9.29,89.62,-5.44,3.4,0.35
2015-04-29,1.61,3.8,-2.19,95.43,5.81,3.4,0.16
2015-05-28,3.46,4.7,-1.24,96.21,0.78,3.4,0.13
2015-06-25,-0.19,3.4,-3.59,94.28,-1.93,3.4,0.19
2015-07-24,3.92,2.43,1.49,98.44,4.16,3.4,0.05
2015-08-21,-0.64,-2.77,2.13,98.96,0.52,3.4,0.04
2015-09-21,0.79,-3.24,4.03,100.0,1.04,4.03,0.0
2015-10-19,8.54,0.19,8.35,100.0,0.0,8.35,0.0
2015-11-16,3.46,1.28,2.18,94.07,-5.93,9.81,0.58
2015-12-15,7.67,0.99,6.68,97.57,3.5,9.81,0.24
2016-01-14,7.65,-5.5,13.15,98.48,0.91,15.19,0.23
2016-02-12,9.01,-8.03,17.04,98.7,0.22,18.83,0.24
2016-03-14,17.92,-0.19,18.11,98.6,-0.1,20.05,0.28
2016-04-12,24.06,1.51,22.55,100.0,1.4,22.55,0.0
2016-05-10,24.2,2.72,21.48,99.24,-0.76,22.55,0.17
2016-06-08,23.8,4.64,19.16,97.48,-1.76,22.73,0.57
2016-07-07,23.67,3.22,20.45,98.39,0.91,22.73,0.37
2016-08-04,20.11,6.55,13.56,93.53,-4.86,22.73,1.47
2016-09-01,21.89,6.98,14.91,94.48,0.95,22.73,1.25
2016-09-30,17.77,6.55,11.22,91.87,-2.61,22.73,1.85
2016-10-28,16.52,4.59,11.93,92.37,0.5,22.73,1.73
2016-11-28,9.05,8.53,0.52,84.32,-8.05,22.73,3.56
2016-12-27,10.31,11.22,-0.91,83.31,-1.01,22.73,3.79
2017-01-26,16.3,12.65,3.65,86.53,3.22,22.73,3.06
2017-02-24,29.84,16.21,13.63,93.57,7.04,22.73,1.46
2017-03-24,34.48,14.65,19.83,97.95,4.38,22.73,0.47
2017-04-24,34.92,16.11,18.81,96.52,-1.43,23.77,0.83
2017-05-22,39.24,17.16,22.08,98.82,2.3,23.77,0.28
2017-06-20,45.95,19.3,26.65,99.65,0.83,27.16,0.1
2017-07-19,45.04,20.55,24.49,98.17,-1.48,27.16,0.5
2017-08-16,40.1,20.37,19.73,94.91,-3.26,27.16,1.38
2017-09-14,38.61,21.78,16.83,92.93,-1.98,27.16,1.92
2017-10-12,35.75,23.78,11.97,89.6,-3.33,27.16,2.82
2017-11-09,21.28,25.33,-4.05,78.63,-10.97,27.16,5.8
2017-12-08,25.98,28.66,-2.68,79.57,0.94,27.16,5.55
2018-01-09,23.8,32.87,-9.07,75.2,-4.37,27.16,6.74
2018-02-07,16.55,29.27,-12.72,72.7,-2.5,27.16,7.41
2018-03-08,28.29,32.18,-3.89,78.74,6.04,27.16,5.77
2018-04-06,18.78,25.03,-6.25,77.13,-1.61,27.16,6.21
2018-05-04,-3.71,27.87,-31.58,59.78,-17.35,27.16,10.92
2018-06-04,-7.72,31.88,-39.6,54.29,-5.49,27.16,12.41
2018-07-02,-5.53,30.25,-35.78,56.91,2.62,27.16,11.7
2018-07-31,1.59,34.73,-33.14,58.72,1.81,27.16,11.21
2018-08-28,-6.42,38.61,-45.03,50.58,-8.14,27.16,13.42
2018-09-26,-5.19,38.34,-43.53,51.6,1.02,27.16,13.15
2018-10-24,5.07,26.38,-21.31,66.82,15.22,27.16,9.01
2018-11-21,-1.14,26.07,-27.21,62.78,-4.04,27.16,10.11
2018-12-21,-22.04,14.29,-36.33,56.53,-6.25,27.16,11.81
2019-01-23,-12.72,24.93,-37.65,55.63,-0.9,27.16,12.05
2019-02-21,1.01,31.47,-30.46,60.55,4.92,27.16,10.71
2019-03-21,8.45,34.52,-26.07,63.56,3.01,27.16,9.9
2019-04-18,-0.33,36.81,-37.14,55.98,-7.58,27.16,11.96
2019-05-17,2.4,34.65,-32.25,59.32,3.34,27.16,11.05
2019-06-17,-7.95,36.1,-44.05,51.25,-8.07,27.16,13.24
2019-07-16,-3.68,40.67,-44.35,51.04,-0.21,27.16,13.3
2019-08-13,-0.86,37.04,-37.9,55.46,4.42,27.16,12.1
2019-09-11,-12.89,40.46,-53.35,44.88,-10.58,27.16,14.97
2019-10-09,-10.72,35.98,-46.7,49.43,4.55,27.16,13.73
2019-11-06,-5.16,43.13,-48.29,48.34,-1.09,27.16,14.03
2019-12-05,-6.29,45.14,-51.43,46.19,-2.15,27.16,14.61
2020-01-06,-2.95,50.24,-53.19,44.99,-1.2,27.16,14.94
2020-02-04,-5.36,52.49,-57.85,41.8,-3.19,27.16,15.81
2020-03-04,-0.15,44.68,-44.83,50.71,8.91,27.16,13.39
2020-04-01,-18.94,13.74,-32.68,59.03,8.32,27.16,11.13
2020-04-30,-15.66,34.32,-49.98,47.19,-11.84,27.16,14.34
2020-05-29,-16.73,40.47,-57.2,42.24,-4.95,27.16,15.69
2020-06-26,-20.91,38.89,-59.8,40.46,-1.78,27.16,16.17
2020-07-27,-11.58,48.57,-60.15,40.22,-0.24,27.16,16.24
2020-08-24,-10.46,57.32,-67.78,35.0,-5.22,27.16,17.65
2020-09-22,-12.91,51.8,-64.71,37.1,2.1,27.16,17.08
2020-10-20,-16.35,56.79,-73.14,31.33,-5.77,27.16,18.65
2020-11-17,-11.39,64.37,-75.76,29.54,-1.79,27.16,19.14
2020-12-16,-4.34,68.34,-72.68,31.64,2.1,27.16,18.57
2021-01-15,-8.81,70.52,-79.33,27.09,-4.55,27.16,19.8
2021-02-16,-3.87,77.66,-81.53,25.59,-1.5,27.16,20.21
2021-03-16,-1.71,78.86,-80.57,26.24,0.65,27.16,20.03
2021-04-14,1.07,85.35,-84.28,23.7,-2.54,27.16,20.72
2021-05-12,6.01,82.17,-76.16,29.26,5.56,27.16,19.21
2021-06-10,7.27,89.81,-82.54,24.89,-4.37,27.16,20.4
2021-07-09,9.01,94.62,-85.61,22.79,-2.1,27.16,20.97
2021-08-06,8.77,97.23,-88.46,20.84,-1.95,27.16,21.5
2021-09-03,15.37,101.38,-86.01,22.52,1.68,27.16,21.04
2021-10-04,5.73,90.07,-84.34,23.66,1.14,27.16,20.73
2021-11-01,3.02,103.4,-100.38,12.68,-10.98,27.16,23.72
2021-11-30,-4.24,101.47,-105.71,9.03,-3.65,27.16,24.71
2021-12-29,3.89,110.49,-106.6,8.42,-0.61,27.16,24.87
2022-01-27,11.58,89.59,-78.01,28.0,19.58,27.16,19.56
2022-02-25,14.41,91.86,-77.45,28.38,0.38,27.16,19.45
2022-03-25,2.9,97.91,-95.01,16.36,-12.02,27.16,22.72
2022-04-25,11.69,86.8,-75.11,29.98,13.62,27.16,19.02
2022-05-23,12.01,72.64,-60.63,39.89,9.91,27.16,16.33
2022-06-22,8.31,63.12,-54.81,43.88,3.99,27.16,15.24
2022-07-21,2.83,72.71,-69.88,33.56,-10.32,27.16,18.05
2022-08-18,9.51,84.98,-75.47,29.73,-3.83,27.16,19.09
2022-09-16,4.68,66.91,-62.23,38.8,9.07,27.16,16.62
2022-10-14,-5.32,53.85,-59.17,40.89,2.09,27.16,16.05
2022-11-11,3.65,71.06,-67.41,35.25,-5.64,27.16,17.59
2022-12-12,11.51,70.93,-59.42,40.72,5.47,27.16,16.1
2023-01-11,10.92,69.09,-58.17,41.58,0.86,27.16,15.87
2023-02-09,10.82,73.66,-62.84,38.38,-3.2,27.16,16.74
2023-03-10,7.2,64.3,-57.1,42.31,3.93,27.16,15.67
2023-04-10,7.38,73.97,-66.59,35.81,-6.5,27.16,17.43
2023-05-08,4.41,74.9,-70.49,33.14,-2.67,27.16,18.16
2023-06-06,0.57,81.01,-80.44,26.33,-6.81,27.16,20.01
2023-07-06,6.27,85.42,-79.15,27.21,0.88,27.16,19.77
2023-08-03,6.16,88.91,-82.75,24.75,-2.46,27.16,20.44
2023-08-31,4.83,89.57,-84.74,23.39,-1.36,27.16,20.81
2023-09-29,1.42,79.47,-78.05,27.97,4.58,27.16,19.56
2023-10-27,-3.58,72.07,-75.65,29.61,1.64,27.16,19.12
2023-11-27,2.85,90.05,-87.2,21.7,-7.91,27.16,21.27
2023-12-26,2.06,98.44,-96.38,15.42,-6.28,27.16,22.97
2024-01-25,0.04,103.14,-103.1,10.82,-4.6,27.16,24.22
2024-02-23,0.37,110.9,-110.53,5.73,-5.09,27.16,25.6
2024-03-22,-0.29,115.96,-116.25,1.81,-3.92,27.16,26.67
2024-04-22,2.82,106.36,-103.54,10.52,8.71,27.16,24.3
2024-05-20,8.21,118.46,-110.25,5.92,-4.6,27.16,25.55
2024-06-18,9.77,125.56,-115.79,2.13,-3.79,27.16,26.58
2024-07-18,15.81,126.6,-110.79,5.55,3.42,27.16,25.65
2024-08-15,25.91,126.23,-100.32,12.72,7.17,27.16,23.71
2024-09-13,33.32,129.28,-95.96,15.71,2.99,27.16,22.89
2024-09-17,30.73,129.06,-98.33,14.08,2.8,27.16,23.34
