Date,rate_KHC_5D,rate_VOO_20D,Divergence,Relative_Divergence,Delta_Previous_Relative_Divergence,Max_Divergence,Expected_Return
2015-07-06,-0.25,0.0,-0.25,100.0,0.0,-0.25,0
2015-08-03,5.28,1.45,3.83,100.0,0.0,3.83,0
2015-08-31,-4.8,-4.58,-0.22,97.55,-2.45,3.83,0
2015-09-29,-9.28,-9.22,-0.06,97.57,0.02,3.97,0
2015-10-27,1.23,-0.05,1.28,97.42,-0.15,5.59,0
2015-11-24,-2.32,1.32,-3.64,94.48,-2.94,5.59,0
2015-12-23,-2.24,-0.42,-1.82,95.57,1.09,5.59,0
2016-01-25,-2.83,-9.42,6.59,100.0,4.43,6.59,0
2016-02-23,-4.42,-7.08,2.66,96.32,-3.68,8.94,0
2016-03-22,0.31,-1.0,1.31,95.53,-0.79,8.94,0
2016-04-20,2.22,1.69,0.53,95.07,-0.46,8.94,0
2016-05-18,6.44,-0.88,7.32,96.62,1.55,13.24,0
2016-06-16,11.72,0.81,10.91,98.67,2.05,13.24,0
2016-07-15,16.26,4.46,11.8,97.65,-1.02,15.97,0
2016-08-12,17.06,5.72,11.34,97.39,-0.26,15.97,0
2016-09-12,15.6,4.59,11.01,97.21,-0.18,15.97,0
2016-10-10,15.39,4.48,10.91,97.15,-0.06,15.97,0
2016-11-07,12.04,3.0,9.04,96.1,-1.05,15.97,0
2016-12-06,4.09,7.19,-3.1,89.27,-6.83,15.97,0
2017-01-05,12.53,9.33,3.2,92.81,3.54,15.97,0
2017-02-03,15.96,10.75,5.21,93.94,1.13,15.97,0
2017-03-06,18.25,14.7,3.55,93.01,-0.93,15.97,0
2017-04-03,17.97,13.4,4.57,93.58,0.57,15.97,0
2017-05-02,15.17,14.93,0.24,91.15,-2.43,15.97,0
2017-05-31,19.31,16.24,3.07,92.74,1.59,15.97,0
2017-06-28,13.48,17.13,-3.65,88.96,-3.78,15.97,0
2017-07-27,13.89,18.79,-4.9,88.26,-0.7,15.97,0
2017-08-24,6.83,17.08,-10.25,85.24,-3.02,15.97,0
2017-09-22,-0.02,19.54,-19.56,80.01,-5.23,15.97,0
2017-10-20,-1.07,23.13,-24.2,77.39,-2.62,15.97,0
2017-11-17,2.69,23.33,-20.64,79.4,2.01,15.97,0
2017-12-18,2.32,28.8,-26.48,76.11,-3.29,15.97,0
2018-01-18,2.19,33.28,-31.09,73.52,-2.59,15.97,0
2018-02-15,-6.27,30.07,-36.34,70.56,-2.96,15.97,0
2018-03-16,-15.65,30.91,-46.56,64.81,-5.75,15.97,0
2018-04-16,-20.86,26.83,-47.69,64.18,-0.63,15.97,0
2018-05-14,-24.47,29.34,-53.81,60.73,-3.45,15.97,0
2018-06-12,-23.69,32.02,-55.71,59.66,-1.07,15.97,0
2018-07-11,-21.04,30.79,-51.83,61.85,2.19,15.97,0
2018-08-08,-23.27,34.62,-57.89,58.44,-3.41,15.97,0
2018-09-06,-26.69,35.71,-62.4,55.9,-2.54,15.97,0
2018-10-04,-27.76,36.07,-63.83,55.09,-0.81,15.97,0
2018-11-01,-26.9,28.26,-55.16,59.97,4.88,15.97,0
2018-11-30,-31.95,29.35,-61.3,56.52,-3.45,15.97,0
2019-01-02,-37.21,16.87,-54.08,60.58,4.06,15.97,0
2019-01-31,-34.39,26.17,-60.56,56.93,-3.65,15.97,0
2019-03-01,-43.52,30.82,-74.34,49.18,-7.75,15.97,0
2019-03-29,-43.37,31.7,-75.07,48.77,-0.41,15.97,0
2019-04-29,-42.67,36.76,-79.43,46.31,-2.46,15.97,0
2019-05-28,-45.23,30.11,-75.34,48.62,2.31,15.97,0
2019-06-25,-44.01,35.55,-79.56,46.24,-2.38,15.97,0
2019-07-24,-42.97,39.57,-82.54,44.56,-1.68,15.97,0
2019-08-21,-46.48,35.14,-81.62,45.08,0.52,15.97,0
2019-09-19,-44.53,38.96,-83.49,44.03,-1.05,15.97,0
2019-10-17,-44.44,37.85,-82.29,44.7,0.67,15.97,0
2019-11-14,-42.29,42.39,-84.68,43.36,-1.34,15.97,0
2019-12-13,-41.31,45.72,-87.03,42.04,-1.32,15.97,0
2020-01-14,-40.88,50.16,-91.04,39.78,-2.26,15.97,0
2020-02-12,-42.72,54.48,-97.2,36.31,-3.47,15.97,0
2020-03-12,-55.24,12.14,-67.38,53.1,16.79,15.97,0
2020-04-09,-44.47,26.72,-71.19,50.95,-2.15,15.97,0
2020-05-08,-42.29,33.11,-75.4,48.58,-2.37,15.97,0
2020-06-08,-36.18,47.1,-83.28,44.15,-4.43,15.97,0
2020-07-07,-38.5,42.36,-80.86,45.51,1.36,15.97,0
2020-08-04,-34.21,49.56,-83.77,43.87,-1.64,15.97,0
2020-09-01,-35.27,59.55,-94.82,37.65,-6.22,15.97,0
2020-09-30,-40.98,51.4,-92.38,39.03,1.38,15.97,0
2020-10-28,-41.75,47.32,-89.07,40.89,1.86,15.97,0
2020-11-25,-36.94,63.44,-100.38,34.52,-6.37,15.97,0
2020-12-24,-33.33,66.0,-99.33,35.12,0.6,15.97,0
2021-01-26,-33.94,72.34,-106.28,31.2,-3.92,15.97,0
2021-02-24,-29.18,75.54,-104.72,32.08,0.88,15.97,0
2021-03-24,-28.11,73.76,-101.87,33.69,1.61,15.97,0
2021-04-22,-24.06,83.87,-107.93,30.28,-3.41,15.97,0
2021-05-20,-19.78,84.73,-104.51,32.2,1.92,15.97,0
2021-06-18,-24.52,84.75,-109.27,29.52,-2.68,15.97,0
2021-07-19,-26.06,88.06,-114.12,26.79,-2.73,15.97,0
2021-08-16,-28.32,97.36,-125.68,20.29,-6.5,15.97,0
2021-09-14,-30.85,95.58,-126.43,19.86,-0.43,15.97,0
2021-10-12,-29.82,90.41,-120.23,23.35,3.49,15.97,0
2021-11-09,-28.79,104.75,-133.54,15.86,-7.49,15.97,0
2021-12-08,-35.01,105.13,-140.14,12.15,-3.71,15.97,0
2022-01-06,-29.19,103.77,-132.96,16.19,4.04,15.97,0
2022-02-04,-32.24,94.85,-127.09,19.49,3.3,15.97,0
2022-03-07,-23.74,81.55,-105.29,31.76,12.27,15.97,0
2022-04-04,-24.01,97.3,-121.31,22.75,-9.01,15.97,0
2022-05-03,-20.02,79.27,-99.29,35.14,12.39,15.97,0
2022-06-01,-27.89,75.91,-103.8,32.6,-2.54,15.97,0
2022-06-30,-26.49,61.92,-88.41,41.26,8.66,15.97,0
2022-07-29,-28.42,76.61,-105.03,31.91,-9.35,15.97,0
2022-08-26,-26.25,73.25,-99.5,35.02,3.11,15.97,0
2022-09-26,-32.53,55.91,-88.44,41.24,6.22,15.97,0
2022-10-24,-28.44,61.1,-89.54,40.62,-0.62,15.97,0
2022-11-21,-25.24,67.6,-92.84,38.77,-1.85,15.97,0
2022-12-20,-22.96,61.15,-84.11,43.68,4.91,15.97,0
2023-01-20,-22.72,67.36,-90.08,40.32,-3.36,15.97,0
2023-02-17,-22.41,71.86,-94.27,37.96,-2.36,15.97,0
2023-03-20,-25.91,66.37,-92.28,39.08,1.12,15.97,0
2023-04-18,-23.39,74.05,-97.44,36.18,-2.9,15.97,0
2023-05-16,-24.01,72.02,-96.03,36.97,0.79,15.97,0
2023-06-14,-27.59,82.98,-110.57,28.79,-8.18,15.97,0
2023-07-14,-28.75,87.68,-116.43,25.49,-3.3,15.97,0
2023-08-11,-30.7,85.69,-116.39,25.51,0.02,15.97,0
2023-09-11,-32.01,86.48,-118.49,24.33,-1.18,15.97,0
2023-10-09,-33.69,79.29,-112.98,27.43,3.1,15.97,0
2023-11-06,-32.22,80.27,-112.49,27.71,0.28,15.97,0
2023-12-05,-27.93,88.66,-116.59,25.4,-2.31,15.97,0
2024-01-04,-24.64,92.66,-117.3,25.0,-0.4,15.97,0
2024-02-02,-24.74,103.41,-128.15,18.9,-6.1,15.97,0
2024-03-04,-29.18,110.36,-139.54,12.49,-6.41,15.97,0
2024-04-02,-25.22,112.55,-137.77,13.48,0.99,15.97,0
2024-04-30,-23.22,105.58,-128.8,18.53,5.05,15.97,0
2024-05-29,-29.57,115.05,-144.62,9.63,-8.9,15.97,0
2024-06-27,-32.9,123.52,-156.42,2.99,-6.64,15.97,0
2024-07-26,-31.38,121.36,-152.74,5.06,2.07,15.97,0
2024-08-23,-28.06,128.06,-156.12,3.16,-1.9,15.97,0
2024-09-23,-29.48,131.25,-160.73,0.56,-2.6,15.97,0
