Date,rate_ALB_5D,rate_VOO_20D,Divergence,Relative_Divergence,Delta_Previous_Relative_Divergence,Max_Divergence,Expected_Return
2015-01-02,0.0,0.0,0.0,100.0,0.0,0.0,0.0
2015-02-02,-16.91,-0.35,-16.56,79.21,-20.79,4.64,0.96
2015-03-03,-1.7,4.16,-5.86,89.7,10.49,4.64,0.48
2015-03-31,-8.45,1.77,-10.22,85.42,-4.28,4.64,0.68
2015-04-29,4.46,3.8,0.66,96.1,10.68,4.64,0.18
2015-05-28,5.0,4.7,0.3,93.68,-2.42,6.88,0.43
2015-06-25,0.93,3.4,-2.47,91.03,-2.65,6.88,0.62
2015-07-24,-13.68,2.43,-16.11,77.93,-13.1,6.88,1.52
2015-08-21,-18.82,-2.77,-16.05,77.99,0.06,6.88,1.51
2015-09-21,-19.28,-3.24,-16.04,78.0,0.01,6.88,1.51
2015-10-19,-8.88,0.19,-9.07,84.69,6.69,6.88,1.05
2015-11-16,-16.3,1.28,-17.58,76.52,-8.17,6.88,1.62
2015-12-15,-15.01,0.99,-16.0,78.04,1.52,6.88,1.51
2016-01-14,-14.59,-5.5,-9.09,84.67,6.63,6.88,1.05
2016-02-12,-10.19,-8.03,-2.16,91.32,6.65,6.88,0.6
2016-03-14,4.89,-0.19,5.08,98.1,6.78,7.06,0.13
2016-04-12,13.99,1.51,12.48,99.04,0.94,13.54,0.13
2016-05-10,18.3,2.72,15.58,97.66,-1.38,18.29,0.43
2016-06-08,41.23,4.64,36.59,99.65,1.99,37.06,0.13
2016-07-07,41.07,3.22,37.85,96.39,-3.26,42.91,1.55
2016-08-04,42.08,6.55,35.53,94.35,-2.04,43.48,2.46
2016-09-01,40.32,6.98,33.34,92.8,-1.55,43.48,3.13
2016-09-30,47.55,6.55,41.0,98.24,5.44,43.48,0.77
2016-10-28,42.73,4.59,38.14,96.21,-2.03,43.48,1.65
2016-11-28,44.18,8.53,35.65,94.44,-1.77,43.48,2.42
2016-12-27,52.45,11.22,41.23,96.32,1.88,46.53,1.71
2017-01-26,63.08,12.65,50.43,99.36,3.04,51.38,0.33
2017-02-24,58.25,16.21,42.04,93.72,-5.64,51.38,3.23
2017-03-24,77.25,14.65,62.6,99.28,5.56,63.76,0.46
2017-04-24,80.66,16.11,64.55,99.9,0.62,64.71,0.06
2017-05-22,86.34,17.16,69.18,98.39,-1.51,71.9,1.16
2017-06-20,80.88,19.3,61.58,92.3,-6.09,74.83,5.76
2017-07-19,99.37,20.55,78.82,100.0,7.7,78.82,0.0
2017-08-16,89.05,20.37,68.68,91.37,-8.63,84.35,7.28
2017-09-14,109.24,21.78,87.46,100.0,8.63,87.46,0.0
2017-10-12,127.04,23.78,103.26,98.1,-1.9,107.15,2.04
2017-11-09,131.91,25.33,106.58,97.28,-0.82,112.28,3.05
2017-12-08,114.2,28.66,85.54,87.24,-10.04,112.28,14.33
2018-01-09,121.26,32.87,88.39,88.6,1.36,112.28,12.8
2018-02-07,73.66,29.27,44.39,67.61,-20.99,112.28,36.37
2018-03-08,61.26,32.18,29.08,60.3,-7.31,112.28,44.58
2018-04-06,48.77,25.03,23.74,57.76,-2.54,112.28,47.43
2018-05-04,61.73,27.87,33.86,62.58,4.82,112.28,42.02
2018-06-04,52.27,31.88,20.39,56.16,-6.42,112.28,49.22
2018-07-02,50.36,30.25,20.11,56.02,-0.14,112.28,49.38
2018-07-31,51.51,34.73,16.78,54.43,-1.59,112.28,51.17
2018-08-28,55.57,38.61,16.96,54.52,0.09,112.28,51.06
2018-09-26,62.19,38.34,23.85,57.81,3.29,112.28,47.37
2018-10-24,49.5,26.38,23.12,57.46,-0.35,112.28,47.76
2018-11-21,52.07,26.07,26.0,58.83,1.37,112.28,46.23
2018-12-21,19.48,14.29,5.19,48.91,-9.92,112.28,57.36
2019-01-23,18.06,24.93,-6.87,43.15,-5.76,112.28,63.83
2019-02-21,39.08,31.47,7.61,50.06,6.91,112.28,56.07
2019-03-21,33.64,34.52,-0.88,46.01,-4.05,112.28,60.62
2019-04-18,29.37,36.81,-7.44,42.88,-3.13,112.28,64.13
2019-05-17,12.0,34.65,-22.65,35.62,-7.26,112.28,72.29
2019-06-17,15.56,36.1,-20.54,36.63,1.01,112.28,71.15
2019-07-16,17.36,40.67,-23.31,35.31,-1.32,112.28,72.63
2019-08-13,12.47,37.04,-24.57,34.71,-0.6,112.28,73.31
2019-09-11,13.3,40.46,-27.16,33.47,-1.24,112.28,74.7
2019-10-09,7.28,35.98,-28.7,32.74,-0.73,112.28,75.52
2019-11-06,10.5,43.13,-32.63,30.86,-1.88,112.28,77.63
2019-12-05,7.23,45.14,-37.91,28.34,-2.52,112.28,80.46
2020-01-06,15.41,50.24,-34.83,29.81,1.47,112.28,78.81
2020-02-04,40.08,52.49,-12.41,40.51,10.7,112.28,66.8
2020-03-04,34.35,44.68,-10.33,41.5,0.99,112.28,65.68
2020-04-01,-7.44,13.74,-21.18,36.32,-5.18,112.28,71.5
2020-04-30,1.35,34.32,-32.97,30.7,-5.62,112.28,77.81
2020-05-29,21.55,40.47,-18.92,37.4,6.7,112.28,70.29
2020-06-26,18.89,38.89,-20.0,36.89,-0.51,112.28,70.86
2020-07-27,33.63,48.57,-14.94,39.3,2.41,112.28,68.15
2020-08-24,41.71,57.32,-15.61,38.98,-0.32,112.28,68.51
2020-09-22,45.77,51.8,-6.03,43.55,4.57,112.28,63.38
2020-10-20,43.3,56.79,-13.49,39.99,-3.56,112.28,67.38
2020-11-17,88.76,64.37,24.39,58.07,18.08,112.28,47.08
2020-12-16,98.59,68.34,30.25,60.86,2.79,112.28,43.95
2021-01-15,156.58,70.52,86.06,87.49,26.63,112.28,14.05
2021-02-16,132.08,77.66,54.42,72.39,-15.1,112.28,31.0
2021-03-16,122.38,78.86,43.52,67.19,-5.2,112.28,36.84
2021-04-14,118.51,85.35,33.16,62.25,-4.94,112.28,42.39
2021-05-12,119.98,82.17,37.81,64.47,2.22,112.28,39.89
2021-06-10,136.42,89.81,46.61,68.67,4.2,112.28,35.18
2021-07-09,145.68,94.62,51.06,70.79,2.12,112.28,32.8
2021-08-06,211.03,97.23,113.8,100.0,29.21,113.8,0.0
2021-09-03,229.36,101.38,127.98,98.8,-1.2,130.71,1.57
2021-10-04,193.93,90.07,103.86,87.8,-11.0,131.82,16.08
2021-11-01,244.81,103.4,141.41,100.0,12.2,141.41,0.0
2021-11-30,258.39,101.47,156.92,93.76,-6.24,173.85,10.85
2021-12-29,213.71,110.49,103.22,73.95,-19.81,173.85,45.29
2022-01-27,178.12,89.59,88.53,68.54,-5.41,173.85,54.69
2022-02-25,160.06,91.86,68.2,61.04,-7.5,173.85,67.73
2022-03-25,191.56,97.91,93.65,70.42,9.38,173.85,51.42
2022-04-25,166.48,86.8,79.68,65.27,-5.15,173.85,60.38
2022-05-23,221.35,72.64,148.71,90.73,25.46,173.85,16.12
2022-06-22,186.83,63.12,123.71,80.94,-9.79,175.75,33.5
2022-07-21,197.54,72.71,124.83,81.35,0.41,175.75,32.78
2022-08-18,263.36,84.98,178.38,98.12,16.77,183.67,3.45
2022-09-16,271.68,66.91,204.77,93.45,-4.67,225.94,14.8
2022-10-14,208.9,53.85,155.05,78.07,-15.38,225.94,49.55
2022-11-11,315.63,71.06,244.57,100.0,21.93,244.57,0.0
2022-12-12,233.39,70.93,162.46,75.98,-24.02,244.57,58.75
2023-01-11,204.5,69.09,135.41,68.07,-7.91,244.57,78.09
2023-02-09,240.82,73.66,167.16,77.36,9.29,244.57,55.37
2023-03-10,188.49,64.3,124.19,64.79,-12.57,244.57,86.11
2023-04-10,157.04,73.97,83.07,52.76,-12.03,244.57,115.53
2023-05-08,139.54,74.9,64.64,47.37,-5.39,244.57,128.72
2023-06-06,171.49,81.01,90.48,54.93,7.56,244.57,110.23
2023-07-06,187.9,85.42,102.48,58.44,3.51,244.57,101.64
2023-08-03,153.37,88.91,64.46,47.32,-11.12,244.57,128.84
2023-08-31,152.61,89.57,63.04,46.9,-0.42,244.57,129.87
2023-09-29,117.76,79.47,38.29,39.66,-7.24,244.57,147.57
2023-10-27,76.86,72.07,4.79,29.86,-9.8,244.57,171.54
2023-11-27,68.13,90.05,-21.92,22.05,-7.81,244.57,190.64
2023-12-26,91.88,98.44,-6.56,26.54,4.49,244.57,179.66
2024-01-25,65.62,103.14,-37.52,17.49,-9.05,244.57,201.79
2024-02-23,67.0,110.9,-43.9,15.62,-1.87,244.57,206.37
2024-03-22,66.79,115.96,-49.17,14.08,-1.54,244.57,210.13
2024-04-22,59.92,106.36,-46.44,14.88,0.8,244.57,208.18
2024-05-20,73.21,118.46,-45.25,15.23,0.35,244.57,207.32
2024-06-18,49.56,125.56,-76.0,6.23,-9.0,244.57,229.33
2024-07-18,44.96,126.6,-81.64,4.58,-1.65,244.57,233.37
2024-08-15,32.79,126.23,-93.44,1.13,-3.45,244.57,241.81
2024-09-13,35.78,129.28,-93.5,1.11,-0.02,244.57,241.86
2024-09-20,35.15,132.46,-97.31,0.0,-1.61,244.57,244.57
