Date,rate_MAA_5D,rate_VOO_20D,Divergence,Relative_Divergence,Delta_Previous_Relative_Divergence,Max_Divergence,Expected_Return
2015-01-02,0.0,0.0,0.0,100.0,0.0,0.0,0.0
2015-02-02,2.7,-0.35,3.05,96.01,-3.99,6.61,0.26
2015-03-03,-5.58,4.16,-9.74,81.67,-14.34,6.61,1.21
2015-03-31,-0.19,1.77,-1.96,90.39,8.72,6.61,0.64
2015-04-29,-2.21,3.8,-6.01,85.85,-4.54,6.61,0.94
2015-05-28,-0.11,4.7,-4.81,87.2,1.35,6.61,0.85
2015-06-25,-5.35,3.4,-8.75,82.78,-4.42,6.61,1.14
2015-07-24,-0.85,2.43,-3.28,88.91,6.13,6.61,0.73
2015-08-21,4.58,-2.77,7.35,100.0,11.09,7.35,0.0
2015-09-21,5.47,-3.24,8.71,100.0,0.0,8.71,0.0
2015-10-19,10.6,0.19,10.41,97.77,-2.23,12.53,0.28
2015-11-16,10.42,1.28,9.14,96.44,-1.33,12.53,0.45
2015-12-15,15.95,0.99,14.96,99.59,3.15,15.36,0.06
2016-01-14,14.97,-5.5,20.47,98.59,-1.0,21.94,0.31
2016-02-12,9.79,-8.03,17.82,90.6,-7.99,28.24,2.65
2016-03-14,23.25,-0.19,23.44,95.67,5.07,28.24,1.22
2016-04-12,30.26,1.51,28.75,98.3,2.63,30.68,0.52
2016-05-10,31.32,2.72,28.6,98.16,-0.14,30.68,0.56
2016-06-08,25.11,4.64,20.47,90.99,-7.17,30.68,2.76
2016-07-07,37.98,3.22,34.76,98.69,7.7,36.32,0.48
2016-08-04,30.42,6.55,23.87,89.53,-9.16,36.32,3.8
2016-09-01,20.4,6.98,13.42,80.74,-8.79,36.32,7.0
2016-09-30,19.11,6.55,12.56,80.02,-0.72,36.32,7.26
2016-10-28,14.38,4.59,9.79,77.69,-2.33,36.32,8.1
2016-11-28,16.65,8.53,8.12,76.28,-1.41,36.32,8.62
2016-12-27,21.68,11.22,10.46,78.25,1.97,36.32,7.9
2017-01-26,22.1,12.65,9.45,77.4,-0.85,36.32,8.21
2017-02-24,28.53,16.21,12.32,79.81,2.41,36.32,7.33
2017-03-24,28.12,14.65,13.47,80.78,0.97,36.32,6.98
2017-04-24,27.17,16.11,11.06,78.76,-2.02,36.32,7.71
2017-05-22,25.38,17.16,8.22,76.37,-2.39,36.32,8.58
2017-06-20,37.42,19.3,18.12,84.69,8.32,36.32,5.56
2017-07-19,26.47,20.55,5.92,74.43,-10.26,36.32,9.29
2017-08-16,32.97,20.37,12.6,80.05,5.62,36.32,7.25
2017-09-14,33.12,21.78,11.34,78.99,-1.06,36.32,7.63
2017-10-12,34.91,23.78,11.13,78.81,-0.18,36.32,7.7
2017-11-09,30.91,25.33,5.58,74.15,-4.66,36.32,9.39
2017-12-08,27.63,28.66,-1.03,68.59,-5.56,36.32,11.41
2018-01-09,17.42,32.87,-15.45,56.46,-12.13,36.32,15.81
2018-02-07,8.58,29.27,-20.69,52.05,-4.41,36.32,17.42
2018-03-08,7.42,32.18,-24.76,48.63,-3.42,36.32,18.66
2018-04-06,13.44,25.03,-11.59,59.71,11.08,36.32,14.63
2018-05-04,13.78,27.87,-14.09,57.6,-2.11,36.32,15.4
2018-06-04,17.61,31.88,-14.27,57.45,-0.15,36.32,15.45
2018-07-02,22.22,30.25,-8.03,62.7,5.25,36.32,13.55
2018-07-31,23.89,34.73,-10.84,60.34,-2.36,36.32,14.4
2018-08-28,28.27,38.61,-10.34,60.76,0.42,36.32,14.25
2018-09-26,22.07,38.34,-16.27,55.77,-4.99,36.32,16.06
2018-10-24,21.31,26.38,-5.07,65.19,9.42,36.32,12.64
2018-11-21,23.63,26.07,-2.44,67.4,2.21,36.32,11.84
2018-12-21,18.69,14.29,4.4,73.15,5.75,36.32,9.75
2019-01-23,21.56,24.93,-3.37,66.62,-6.53,36.32,12.12
2019-02-21,27.06,31.47,-4.41,65.74,-0.88,36.32,12.44
2019-03-21,31.18,34.52,-3.34,66.64,0.9,36.32,12.12
2019-04-18,29.44,36.81,-7.37,63.25,-3.39,36.32,13.35
2019-05-17,39.52,34.65,4.87,73.55,10.3,36.32,9.61
2019-06-17,43.82,36.1,7.72,75.95,2.4,36.32,8.73
2019-07-16,46.25,40.67,5.58,74.15,-1.8,36.32,9.39
2019-08-13,49.81,37.04,12.77,80.19,6.04,36.32,7.19
2019-09-11,54.62,40.46,14.16,81.36,1.17,36.32,6.77
2019-10-09,59.57,35.98,23.59,89.29,7.93,36.32,3.89
2019-11-06,63.28,43.13,20.15,86.4,-2.89,36.32,4.94
2019-12-05,61.21,45.14,16.07,82.97,-3.43,36.32,6.19
2020-01-06,56.39,50.24,6.15,74.63,-8.34,36.32,9.21
2020-02-04,65.63,52.49,13.14,80.5,5.87,36.32,7.08
2020-03-04,71.92,44.68,27.24,92.36,11.86,36.32,2.77
2020-04-01,16.98,13.74,3.24,72.18,-20.18,36.32,10.1
2020-04-30,32.6,34.32,-1.72,68.01,-4.17,36.32,11.62
2020-05-29,37.66,40.47,-2.81,67.09,-0.92,36.32,11.95
2020-06-26,30.22,38.89,-8.67,62.16,-4.93,36.32,13.74
2020-07-27,30.06,48.57,-18.51,53.89,-8.27,36.32,16.75
2020-08-24,36.17,57.32,-21.15,51.67,-2.22,36.32,17.55
2020-09-22,35.34,51.8,-16.46,55.61,3.94,36.32,16.12
2020-10-20,38.65,56.79,-18.14,54.2,-1.41,36.32,16.63
2020-11-17,53.28,64.37,-11.09,60.13,5.93,36.32,14.48
2020-12-16,44.23,68.34,-24.11,49.18,-10.95,36.32,18.46
2021-01-15,54.01,70.52,-16.51,55.57,6.39,36.32,16.14
2021-02-16,61.16,77.66,-16.5,55.58,0.01,36.32,16.13
2021-03-16,67.73,78.86,-11.13,60.09,4.51,36.32,14.5
2021-04-14,71.0,85.35,-14.35,57.38,-2.71,36.32,15.48
2021-05-12,78.64,82.17,-3.53,66.48,9.1,36.32,12.17
2021-06-10,97.76,89.81,7.95,76.14,9.66,36.32,8.67
2021-07-09,107.75,94.62,13.13,80.5,4.36,36.32,7.08
2021-08-06,119.0,97.23,21.77,87.76,7.26,36.32,4.45
2021-09-03,124.11,101.38,22.73,88.57,0.81,36.32,4.15
2021-10-04,117.12,90.07,27.05,92.2,3.63,36.32,2.83
2021-11-01,128.7,103.4,25.3,90.73,-1.47,36.32,3.37
2021-11-30,134.24,101.47,32.77,97.01,6.28,36.32,1.09
2021-12-29,158.48,110.49,47.99,100.0,2.99,47.99,0.0
2022-01-27,121.31,89.59,31.72,85.93,-14.07,50.44,7.1
2022-02-25,136.13,91.86,44.27,95.36,9.43,50.44,2.34
2022-03-25,131.43,97.91,33.52,84.75,-10.61,54.41,8.3
2022-04-25,129.22,86.8,42.42,91.25,6.5,54.41,4.76
2022-05-23,98.63,72.64,25.99,79.25,-12.0,54.41,11.29
2022-06-22,84.71,63.12,21.59,76.04,-3.21,54.41,13.04
2022-07-21,91.22,72.71,18.51,73.79,-2.25,54.41,14.26
2022-08-18,105.42,84.98,20.44,75.2,1.41,54.41,13.49
2022-09-16,83.14,66.91,16.23,72.13,-3.07,54.41,15.16
2022-10-14,56.74,53.85,2.89,62.39,-9.74,54.41,20.46
2022-11-11,76.12,71.06,5.06,63.98,1.59,54.41,19.6
2022-12-12,79.38,70.93,8.45,66.45,2.47,54.41,18.25
2023-01-11,75.7,69.09,6.61,65.11,-1.34,54.41,18.98
2023-02-09,87.22,73.66,13.56,70.18,5.07,54.41,16.23
2023-03-10,62.34,64.3,-1.96,58.85,-11.33,54.41,22.39
2023-04-10,62.91,73.97,-11.06,52.21,-6.64,54.41,26.0
2023-05-08,64.85,74.9,-10.05,52.95,0.74,54.41,25.6
2023-06-06,63.61,81.01,-17.4,47.58,-5.37,54.41,28.52
2023-07-06,66.16,85.42,-19.26,46.22,-1.36,54.41,29.26
2023-08-03,57.3,88.91,-31.61,37.21,-9.01,54.41,34.16
2023-08-31,56.66,89.57,-32.91,36.26,-0.95,54.41,34.68
2023-09-29,40.73,79.47,-38.74,32.0,-4.26,54.41,37.0
2023-10-27,33.06,72.07,-39.01,31.81,-0.19,54.41,37.1
2023-11-27,35.42,90.05,-54.63,20.4,-11.41,54.41,43.31
2023-12-26,42.48,98.44,-55.96,19.43,-0.97,54.41,43.84
2024-01-25,41.0,103.14,-62.14,14.92,-4.51,54.41,46.29
2024-02-23,37.12,110.9,-73.78,6.42,-8.5,54.41,50.92
2024-03-22,40.78,115.96,-75.18,5.4,-1.02,54.41,51.47
2024-04-22,37.73,106.36,-68.63,10.18,4.78,54.41,48.87
2024-05-20,45.49,118.46,-72.97,7.02,-3.16,54.41,50.59
2024-06-18,49.0,125.56,-76.56,4.39,-2.63,54.41,52.02
2024-07-18,51.77,126.6,-74.83,5.66,1.27,54.41,51.33
2024-08-15,58.76,126.23,-67.47,11.03,5.37,54.41,48.41
2024-09-13,69.29,129.28,-59.99,16.49,5.46,54.41,45.44
2024-09-23,67.17,133.1,-65.93,12.15,1.78,54.41,47.8
