Date,rate_WM_5D,rate_VOO_20D,Divergence,Relative_Divergence,Delta_Previous_Relative_Divergence,Max_Divergence,Expected_Return
2015-01-02,0.0,0.0,0.0,100.0,0.0,0.0,0.0
2015-02-02,-0.06,-0.35,0.29,81.99,-18.01,3.16,0.57
2015-03-03,6.85,4.16,2.69,97.05,15.06,3.16,0.09
2015-03-31,5.01,1.77,3.24,100.0,2.95,3.24,0.0
2015-04-29,-3.46,3.8,-7.26,33.31,-66.69,3.79,2.53
2015-05-28,-3.6,4.7,-8.3,27.04,-6.27,3.79,2.77
2015-06-25,-9.08,3.4,-12.48,1.81,-25.23,3.79,3.72
2015-07-24,-5.33,2.43,-7.76,30.3,28.49,3.79,2.64
2015-08-21,0.12,-2.77,2.89,94.57,64.27,3.79,0.21
2015-09-21,-2.81,-3.24,0.43,79.72,-14.85,3.79,0.77
2015-10-19,1.85,0.19,1.66,84.64,4.92,4.28,0.66
2015-11-16,1.9,1.28,0.62,78.55,-6.09,4.28,0.92
2015-12-15,3.38,0.99,2.39,88.92,10.37,4.28,0.47
2016-01-14,2.27,-5.5,7.77,97.62,8.7,8.27,0.2
2016-02-12,4.57,-8.03,12.6,100.0,2.38,12.6,0.0
2016-03-14,12.68,-0.19,12.87,94.75,-5.25,14.29,0.75
2016-04-12,10.61,1.51,9.1,79.53,-15.22,14.73,3.02
2016-05-10,18.46,2.72,15.74,96.68,17.15,16.72,0.56
2016-06-08,19.98,4.64,15.34,91.96,-4.72,17.8,1.43
2016-07-07,29.51,3.22,26.29,99.72,7.76,26.4,0.07
2016-08-04,26.37,6.55,19.82,83.21,-16.51,26.4,4.43
2016-09-01,22.76,6.98,15.78,72.89,-10.32,26.4,7.16
2016-09-30,22.3,6.55,15.75,72.82,-0.07,26.4,7.18
2016-10-28,22.54,4.59,17.95,78.43,5.61,26.4,5.69
2016-11-28,34.31,8.53,25.78,98.42,19.99,26.4,0.42
2016-12-27,35.43,11.22,24.21,94.41,-4.01,26.4,1.48
2017-01-26,32.8,12.65,20.15,84.05,-10.36,26.4,4.21
2017-02-24,39.04,16.21,22.83,90.89,6.84,26.4,2.41
2017-03-24,37.16,14.65,22.51,90.07,-0.82,26.4,2.62
2017-04-24,40.23,16.11,24.12,94.18,4.11,26.4,1.54
2017-05-22,34.01,17.16,16.85,75.63,-18.55,26.4,6.43
2017-06-20,39.0,19.3,19.7,82.9,7.27,26.4,4.51
2017-07-19,40.86,20.55,20.31,84.46,1.56,26.4,4.1
2017-08-16,42.57,20.37,22.2,89.28,4.82,26.4,2.83
2017-09-14,45.68,21.78,23.9,93.62,4.34,26.4,1.68
2017-10-12,43.61,23.78,19.83,83.23,-10.39,26.4,4.43
2017-11-09,51.59,25.33,26.26,94.71,11.48,28.44,1.5
2017-12-08,57.08,28.66,28.42,99.95,5.24,28.44,0.01
2018-01-09,62.42,32.87,29.55,95.14,-4.81,31.71,1.54
2018-02-07,50.97,29.27,21.7,77.5,-17.64,31.71,7.13
2018-03-08,57.04,32.18,24.86,84.6,7.1,31.71,4.88
2018-04-06,54.74,25.03,29.71,95.5,10.9,31.71,1.43
2018-05-04,54.08,27.87,26.21,87.64,-7.86,31.71,3.92
2018-06-04,53.0,31.88,21.12,76.2,-11.44,31.71,7.55
2018-07-02,49.34,30.25,19.09,71.63,-4.57,31.71,9.0
2018-07-31,64.19,34.73,29.46,94.94,23.31,31.71,1.6
2018-08-28,64.54,38.61,25.93,87.01,-7.93,31.71,4.12
2018-09-26,62.87,38.34,24.53,83.86,-3.15,31.71,5.12
2018-10-24,57.82,26.38,31.44,98.64,14.78,32.05,0.44
2018-11-21,64.44,26.07,38.37,98.03,-0.61,39.4,0.78
2018-12-21,58.41,14.29,44.12,100.0,1.97,44.12,0.0
2019-01-23,70.39,24.93,45.46,99.78,-0.22,45.59,0.1
2019-02-21,77.81,31.47,46.34,98.96,-0.82,46.96,0.49
2019-03-21,81.97,34.52,47.45,97.05,-1.91,49.28,1.45
2019-04-18,88.23,36.81,51.42,99.23,2.18,51.92,0.4
2019-05-17,91.82,34.65,57.17,100.0,0.77,57.17,0.0
2019-06-17,101.53,36.1,65.43,97.0,-3.0,67.85,2.04
2019-07-16,108.26,40.67,67.59,98.92,1.92,68.47,0.74
2019-08-13,109.07,37.04,72.03,99.34,0.42,72.59,0.48
2019-09-11,96.46,40.46,56.0,78.98,-20.36,74.3,15.62
2019-10-09,101.73,35.98,65.75,90.18,11.2,74.3,7.3
2019-11-06,91.25,43.13,48.12,69.94,-20.24,74.3,22.33
2019-12-05,93.34,45.14,48.2,70.03,0.09,74.3,22.27
2020-01-06,100.45,50.24,50.21,72.34,2.31,74.3,20.55
2020-02-04,111.73,52.49,59.24,82.71,10.37,74.3,12.85
2020-03-04,106.66,44.68,61.98,85.85,3.14,74.3,10.51
2020-04-01,51.61,13.74,37.87,58.16,-27.69,74.3,31.09
2020-04-30,71.47,34.32,37.15,57.34,-0.82,74.3,31.7
2020-05-29,82.55,40.47,42.08,63.0,5.66,74.3,27.49
2020-06-26,75.33,38.89,36.44,56.52,-6.48,74.3,32.31
2020-07-27,82.11,48.57,33.54,53.19,-3.33,74.3,34.78
2020-08-24,90.83,57.32,33.51,53.16,-0.03,74.3,34.8
2020-09-22,94.44,51.8,42.64,63.64,10.48,74.3,27.02
2020-10-20,92.78,56.79,35.99,56.01,-7.63,74.3,32.68
2020-11-17,103.99,64.37,39.62,60.17,4.16,74.3,29.59
2020-12-16,94.65,68.34,26.31,44.89,-15.28,74.3,40.95
2021-01-15,91.83,70.52,21.31,39.15,-5.74,74.3,45.21
2021-02-16,87.77,77.66,10.11,26.29,-12.86,74.3,54.77
2021-03-16,104.41,78.86,25.55,44.02,17.73,74.3,41.59
2021-04-14,121.97,85.35,36.62,56.73,12.71,74.3,32.15
2021-05-12,128.35,82.17,46.18,67.71,10.98,74.3,23.99
2021-06-10,130.5,89.81,40.69,61.4,-6.31,74.3,28.68
2021-07-09,134.87,94.62,40.25,60.9,-0.5,74.3,29.05
2021-08-06,141.95,97.23,44.72,66.03,5.13,74.3,25.24
2021-09-03,153.47,101.38,52.09,74.49,8.46,74.3,18.95
2021-10-04,141.97,90.07,51.9,74.28,-0.21,74.3,19.11
2021-11-01,158.08,103.4,54.68,77.47,3.19,74.3,16.74
2021-11-30,160.33,101.47,58.86,82.27,4.8,74.3,13.17
2021-12-29,168.67,110.49,58.18,81.49,-0.78,74.3,13.75
2022-01-27,135.37,89.59,45.78,67.25,-14.24,74.3,24.33
2022-02-25,132.89,91.86,41.03,61.79,-5.46,74.3,28.39
2022-03-25,149.94,97.91,52.03,74.43,12.64,74.3,19.0
2022-04-25,148.62,86.8,61.82,85.67,11.24,74.3,10.65
2022-05-23,148.01,72.64,75.37,90.15,4.48,85.0,8.37
2022-06-22,129.53,63.12,66.41,80.99,-9.16,85.0,16.16
2022-07-21,145.14,72.71,72.43,87.14,6.15,85.0,10.93
2022-08-18,175.42,84.98,90.44,99.0,11.86,91.48,0.91
2022-09-16,165.66,66.91,98.75,97.99,-1.01,101.04,2.03
2022-10-14,141.97,53.85,88.12,88.22,-9.77,101.59,11.97
2022-11-11,146.58,71.06,75.52,77.21,-11.01,101.59,23.15
2022-12-12,159.21,70.93,88.28,88.36,11.15,101.59,11.83
2023-01-11,143.25,69.09,74.16,76.02,-12.34,101.59,24.36
2023-02-09,135.26,73.66,61.6,65.03,-10.99,101.59,35.53
2023-03-10,130.05,64.3,65.75,68.66,3.63,101.59,31.84
2023-04-10,149.24,73.97,75.27,76.99,8.33,101.59,23.38
2023-05-08,158.82,74.9,83.92,84.55,7.56,101.59,15.7
2023-06-06,148.35,81.01,67.34,70.05,-14.5,101.59,30.43
2023-07-06,160.8,85.42,75.38,77.08,7.03,101.59,23.28
2023-08-03,144.23,88.91,55.32,59.54,-17.54,101.59,41.1
2023-08-31,137.92,89.57,48.35,53.45,-6.09,101.59,47.29
2023-09-29,130.67,79.47,51.2,55.94,2.49,101.59,44.76
2023-10-27,143.53,72.07,71.46,73.66,17.72,101.59,26.76
2023-11-27,158.01,90.05,67.96,70.6,-3.06,101.59,29.87
2023-12-26,166.3,98.44,67.86,70.51,-0.09,101.59,29.96
2024-01-25,176.84,103.14,73.7,75.61,5.1,101.59,24.78
2024-02-23,210.2,110.9,99.3,98.0,22.39,101.59,2.03
2024-03-22,214.75,115.96,98.79,97.55,-0.45,101.59,2.49
2024-04-22,207.44,106.36,101.08,99.04,1.49,102.18,0.98
2024-05-20,207.85,118.46,89.39,85.19,-13.85,107.15,15.87
2024-06-18,206.04,125.56,80.48,77.76,-7.43,107.15,23.83
2024-07-18,227.39,126.6,100.79,94.7,16.94,107.15,5.68
2024-08-15,202.7,126.23,76.47,74.42,-20.28,107.15,27.41
2024-09-13,203.42,129.28,74.14,72.48,-1.94,107.15,29.49
2024-09-20,197.66,132.53,65.13,64.96,-12.35,107.15,37.55
