Date,rate_086520_5D,rate_VOO_20D,Divergence,Relative_Divergence,Delta_Previous_Relative_Divergence,Max_Divergence,Expected_Return
2015-01-02,0.0,0.0,0.0,100.0,0.0,0.0,0
2015-02-02,3.18,-0.35,3.53,76.7,-23.3,8.81,0
2015-03-06,14.02,2.37,11.65,100.0,23.3,11.65,0
2015-04-06,20.33,2.44,17.89,73.63,-26.37,29.26,0
2015-05-06,7.26,2.5,4.76,43.17,-30.46,29.26,0
2015-06-04,13.94,3.54,10.4,56.25,13.08,29.26,0
2015-07-02,36.27,2.14,34.13,100.0,43.75,34.13,0
2015-07-31,12.65,3.66,8.99,47.6,-52.4,34.13,0
2015-08-28,-1.02,-1.87,0.85,30.64,-16.96,34.13,0
2015-09-30,15.66,-5.6,21.26,73.18,42.54,34.13,0
2015-10-29,61.81,2.94,58.87,100.0,26.82,58.87,0
2015-11-27,67.09,3.23,63.86,88.16,-11.84,74.3,0
2015-12-28,59.38,1.03,58.35,81.91,-6.25,74.3,0
2016-01-28,49.52,-6.88,56.4,62.55,-19.36,98.46,0
2016-03-03,42.31,-1.54,43.85,51.38,-11.17,98.46,0
2016-04-01,36.2,1.98,34.22,42.8,-8.58,98.46,0
2016-05-02,90.99,2.47,88.52,91.15,48.35,98.46,0
2016-06-02,87.05,3.91,83.14,84.54,-6.61,100.88,0
2016-07-01,60.59,3.41,57.18,61.91,-22.63,100.88,0
2016-08-01,61.88,6.81,55.07,60.07,-1.84,100.88,0
2016-08-30,85.86,7.33,78.53,80.52,20.45,100.88,0
2016-10-04,78.86,5.67,73.19,75.87,-4.65,100.88,0
2016-11-01,72.81,3.83,68.98,72.2,-3.67,100.88,0
2016-11-30,28.42,8.45,19.97,29.48,-42.72,100.88,0
2016-12-29,42.06,10.32,31.74,39.74,10.26,100.88,0
2017-02-02,45.32,11.77,33.55,41.31,1.57,100.88,0
2017-03-06,53.94,16.55,37.39,44.66,3.35,100.88,0
2017-04-03,70.19,15.25,54.94,59.96,15.3,100.88,0
2017-05-04,91.94,16.76,75.18,77.6,17.64,100.88,0
2017-06-07,116.66,19.01,97.65,97.18,19.58,100.88,0
2017-07-06,160.61,17.41,143.2,96.42,-0.76,149.03,0
2017-08-03,275.97,20.4,255.57,86.58,-9.84,297.34,0
2017-09-01,303.3,20.67,282.63,95.27,8.69,297.34,0
2017-10-11,313.45,23.97,289.48,82.42,-12.85,354.16,0
2017-11-08,293.87,25.79,268.08,76.61,-5.81,354.16,0
2017-12-07,332.86,27.97,304.89,86.61,10.0,354.16,0
2018-01-10,360.38,32.64,327.74,91.77,5.16,358.37,0
2018-02-08,345.63,24.47,321.16,80.42,-11.35,402.7,0
2018-03-14,393.8,32.75,361.05,90.0,9.58,402.7,0
2018-04-12,398.21,28.0,370.21,92.2,2.2,402.7,0
2018-05-14,343.97,31.18,312.79,78.42,-13.78,402.7,0
2018-06-15,354.01,33.61,320.4,80.24,1.82,402.7,0
2018-07-16,327.95,33.8,294.15,73.94,-6.3,402.7,0
2018-08-13,321.58,34.86,286.72,72.16,-1.78,402.7,0
2018-09-12,359.48,38.02,321.46,80.5,8.34,402.7,0
2018-10-17,391.09,33.58,357.51,89.15,8.65,402.7,0
2018-11-14,319.96,28.51,291.45,73.28,-15.87,402.76,0
2018-12-14,274.22,23.7,250.52,63.46,-9.82,402.76,0
2019-01-16,279.84,23.83,256.01,64.78,1.32,402.76,0
2019-02-20,304.18,31.95,272.23,68.67,3.89,402.76,0
2019-03-21,257.47,34.52,222.95,56.84,-11.83,402.76,0
2019-04-18,213.65,36.81,176.84,45.77,-11.07,402.76,0
2019-05-21,187.68,34.87,152.81,40.0,-5.77,402.76,0
2019-06-20,201.04,39.11,161.93,42.19,2.19,402.76,0
2019-07-19,191.73,39.47,152.26,39.87,-2.32,402.76,0
2019-08-19,150.79,36.95,113.84,30.65,-9.22,402.76,0
2019-09-19,156.92,40.81,116.11,31.19,0.54,402.76,0
2019-10-21,146.02,40.09,105.93,28.75,-2.44,402.76,0
2019-11-18,157.1,45.41,111.69,30.13,1.38,402.76,0
2019-12-17,154.88,48.64,106.24,28.83,-1.3,402.76,0
2020-01-17,168.18,54.14,114.04,30.7,1.87,402.76,0
2020-02-20,201.07,56.15,144.92,38.11,7.41,402.76,0
2020-03-19,86.42,10.9,75.52,21.45,-16.66,402.76,0
2020-04-20,144.24,30.17,114.07,30.7,9.25,402.76,0
2020-05-21,173.25,36.05,137.2,36.26,5.56,402.76,0
2020-06-19,241.21,42.83,198.38,50.94,14.68,402.76,0
2020-07-20,248.02,49.09,198.93,51.07,0.13,402.76,0
2020-08-18,308.54,55.35,253.19,64.1,13.03,402.76,0
2020-09-16,400.96,55.07,345.89,86.35,22.25,402.76,0
2020-10-20,340.15,56.79,283.36,71.34,-15.01,402.76,0
2020-11-17,329.19,64.37,264.82,66.89,-4.45,402.76,0
2020-12-16,365.08,68.34,296.74,74.55,7.66,402.76,0
2021-01-19,517.47,71.86,445.61,99.42,24.87,448.31,0
2021-02-19,513.63,76.61,437.02,97.56,-1.86,448.31,0
2021-03-22,457.04,77.89,379.15,78.41,-19.15,487.39,0
2021-04-20,540.14,85.69,454.45,93.43,15.02,487.39,0
2021-05-20,593.09,86.58,506.51,99.16,5.73,510.92,0
2021-06-18,272.05,86.6,185.45,37.98,-61.18,510.92,0
2021-07-19,392.09,89.91,302.18,60.22,22.24,510.92,0
2021-08-17,610.2,97.9,512.3,84.59,24.37,608.14,0
2021-09-15,651.6,99.08,552.52,87.94,3.35,630.22,0
2021-10-20,633.64,100.56,533.08,84.92,-3.02,630.22,0
2021-11-17,934.06,106.91,827.15,89.24,4.32,928.54,0
2021-12-16,700.61,105.61,595.0,64.61,-24.63,928.54,0
2022-01-19,645.56,98.57,546.99,59.51,-5.1,928.54,0
2022-02-22,471.14,88.31,382.83,42.09,-17.42,928.54,0
2022-03-24,586.29,96.91,489.38,53.4,11.31,928.54,0
2022-04-22,543.93,85.78,458.15,50.09,-3.31,928.54,0
2022-05-24,510.1,71.39,438.71,48.02,-2.07,928.54,0
2022-06-27,444.09,69.32,374.77,41.24,-6.78,928.54,0
2022-07-26,505.33,69.25,436.08,47.74,6.5,928.54,0
2022-08-24,594.03,78.7,515.33,56.15,8.41,928.54,0
2022-09-26,665.06,57.75,607.31,65.91,9.76,928.54,0
2022-10-26,740.49,64.36,676.13,73.22,7.31,928.54,0
2022-11-23,667.8,72.78,595.02,64.61,-8.61,928.54,0
2022-12-22,612.36,63.11,549.25,59.75,-4.86,928.54,0
2023-01-27,661.51,73.47,588.04,63.87,4.12,928.54,0
2023-02-27,1460.77,69.66,1391.11,100.0,36.13,1391.11,0
2023-03-28,2240.22,68.4,2171.82,94.99,-5.01,2287.13,0
2023-04-26,3073.06,71.69,3001.37,77.71,-17.28,3866.07,0
2023-05-26,2768.52,77.98,2690.54,69.7,-8.01,3866.07,0
2023-06-28,3552.64,85.26,3467.38,89.72,20.02,3866.07,0
2023-07-27,4967.16,90.93,4876.23,75.98,-13.74,6422.56,0
2023-08-25,6302.81,85.16,6217.65,96.82,20.84,6422.56,0
2023-09-25,4396.26,82.17,4314.09,67.24,-29.58,6422.56,0
2023-10-30,3295.5,74.14,3221.36,50.26,-16.98,6422.56,0
2023-11-28,3521.03,90.24,3430.79,53.52,3.26,6422.56,0
2023-12-27,3170.64,98.81,3071.83,47.94,-5.58,6422.56,0
2024-01-29,2560.06,104.49,2455.57,38.37,-9.57,6422.56,0
2024-02-29,3019.01,110.97,2908.04,45.4,7.03,6422.56,0
2024-04-01,3067.51,115.81,2951.7,46.07,0.67,6422.56,0
2024-04-30,528.1,107.43,420.67,6.75,-39.32,6422.56,0
2024-06-03,461.68,117.01,344.67,5.57,-1.18,6422.56,0
2024-07-03,476.81,126.1,350.71,5.66,0.09,6422.56,0
2024-08-01,458.86,122.06,336.8,5.45,-0.21,6422.56,0
2024-08-30,420.71,130.53,290.18,4.72,-0.73,6422.56,0
2024-09-23,390.77,133.1,257.67,4.22,-0.51,6422.56,0
