Date,rate_CVS_5D,rate_VOO_20D,Divergence,Relative_Divergence,Delta_Previous_Relative_Divergence,Max_Divergence,Expected_Return
2015-01-02,0.0,0.0,0.0,100.0,0.0,0.0,0.0
2015-02-02,3.85,-0.35,4.2,99.2,-0.8,5.58,0.04
2015-03-03,8.27,4.16,4.11,99.15,-0.05,5.58,0.05
2015-03-31,8.02,1.77,6.25,99.85,0.7,6.51,0.01
2015-04-29,5.29,3.8,1.49,97.11,-2.74,6.51,0.19
2015-05-28,7.87,4.7,3.17,98.08,0.97,6.51,0.12
2015-06-25,9.7,3.4,6.3,99.74,1.66,6.76,0.02
2015-07-24,15.32,2.43,12.89,100.0,0.26,12.89,0.0
2015-08-21,6.54,-2.77,9.31,97.09,-2.91,14.59,0.42
2015-09-21,5.13,-3.24,8.37,96.58,-0.51,14.59,0.5
2015-10-19,7.81,0.19,7.62,96.16,-0.42,14.59,0.56
2015-11-16,-2.53,1.28,-3.81,89.87,-6.29,14.59,1.48
2015-12-15,-3.59,0.99,-4.58,89.45,-0.42,14.59,1.54
2016-01-14,-0.56,-5.5,4.94,94.69,5.24,14.59,0.77
2016-02-12,-0.2,-8.03,7.83,96.28,1.59,14.59,0.54
2016-03-14,5.15,-0.19,5.34,94.91,-1.37,14.59,0.74
2016-04-12,5.29,1.51,3.78,94.05,-0.86,14.59,0.87
2016-05-10,10.29,2.72,7.57,96.13,2.08,14.59,0.56
2016-06-08,2.18,4.64,-2.46,90.61,-5.52,14.59,1.37
2016-07-07,-0.73,3.22,-3.95,89.79,-0.82,14.59,1.49
2016-08-04,0.8,6.55,-5.75,88.8,-0.99,14.59,1.63
2016-09-01,-2.92,6.98,-9.9,86.52,-2.28,14.59,1.97
2016-09-30,-7.48,6.55,-14.03,84.24,-2.28,14.59,2.3
2016-10-28,-13.25,4.59,-17.84,82.15,-2.09,14.59,2.6
2016-11-28,-22.09,8.53,-30.62,75.11,-7.04,14.59,3.63
2016-12-27,-17.23,11.22,-28.45,76.3,1.19,14.59,3.46
2017-01-26,-17.07,12.65,-29.72,75.6,-0.7,14.59,3.56
2017-02-24,-14.66,16.21,-30.87,74.97,-0.63,14.59,3.65
2017-03-24,-17.68,14.65,-32.33,74.17,-0.8,14.59,3.77
2017-04-24,-15.9,16.11,-32.01,74.34,0.17,14.59,3.74
2017-05-22,-19.69,17.16,-36.85,71.68,-2.66,14.59,4.13
2017-06-20,-18.04,19.3,-37.34,71.41,-0.27,14.59,4.17
2017-07-19,-18.34,20.55,-38.89,70.56,-0.85,14.59,4.3
2017-08-16,-16.26,20.37,-36.63,71.8,1.24,14.59,4.11
2017-09-14,-12.55,21.78,-34.33,73.07,1.27,14.59,3.93
2017-10-12,-21.83,23.78,-45.61,66.86,-6.21,14.59,4.84
2017-11-09,-26.67,25.33,-52.0,63.34,-3.52,14.59,5.35
2017-12-08,-22.19,28.66,-50.85,63.97,0.63,14.59,5.26
2018-01-09,-17.14,32.87,-50.01,64.43,0.46,14.59,5.19
2018-02-07,-20.58,29.27,-49.85,64.52,0.09,14.59,5.18
2018-03-08,-26.77,32.18,-58.95,59.51,-5.01,14.59,5.91
2018-04-06,-31.87,25.03,-56.9,60.64,1.13,14.59,5.74
2018-05-04,-31.98,27.87,-59.85,59.02,-1.62,14.59,5.98
2018-06-04,-30.68,31.88,-62.56,57.52,-1.5,14.59,6.2
2018-07-02,-29.32,30.25,-59.57,59.17,1.65,14.59,5.96
2018-07-31,-29.66,34.73,-64.39,56.52,-2.65,14.59,6.34
2018-08-28,-21.21,38.61,-59.82,59.03,2.51,14.59,5.98
2018-09-26,-17.92,38.34,-56.26,60.99,1.96,14.59,5.69
2018-10-24,-25.56,26.38,-51.94,63.37,2.38,14.59,5.34
2018-11-21,-20.67,26.07,-46.74,66.23,2.86,14.59,4.93
2018-12-21,-31.14,14.29,-45.43,66.95,0.72,14.59,4.82
2019-01-23,-28.83,24.93,-53.76,62.37,-4.58,14.59,5.49
2019-02-21,-31.97,31.47,-63.44,57.04,-5.33,14.59,6.27
2019-03-21,-36.11,34.52,-70.63,53.08,-3.96,14.59,6.85
2019-04-18,-40.11,36.81,-76.92,49.62,-3.46,14.59,7.35
2019-05-17,-39.68,34.65,-74.33,51.04,1.42,14.59,7.14
2019-06-17,-37.92,36.1,-74.02,51.21,0.17,14.59,7.12
2019-07-16,-35.08,40.67,-75.75,50.26,-0.95,14.59,7.26
2019-08-13,-32.56,37.04,-69.6,53.65,3.39,14.59,6.76
2019-09-11,-28.54,40.46,-69.0,53.98,0.33,14.59,6.71
2019-10-09,-31.31,35.98,-67.29,54.92,0.94,14.59,6.58
2019-11-06,-21.72,43.13,-64.85,56.26,1.34,14.59,6.38
2019-12-05,-18.3,45.14,-63.44,57.04,0.78,14.59,6.27
2020-01-06,-18.77,50.24,-69.01,53.97,-3.07,14.59,6.72
2020-02-04,-24.23,52.49,-76.72,49.73,-4.24,14.59,7.33
2020-03-04,-26.45,44.68,-71.13,52.81,3.08,14.59,6.89
2020-04-01,-33.22,13.74,-46.96,66.11,13.3,14.59,4.94
2020-04-30,-30.29,34.32,-64.61,56.39,-9.72,14.59,6.36
2020-05-29,-26.41,40.47,-66.88,55.15,-1.24,14.59,6.54
2020-06-26,-28.21,38.89,-67.1,55.02,-0.13,14.59,6.56
2020-07-27,-28.87,48.57,-77.44,49.33,-5.69,14.59,7.39
2020-08-24,-27.51,57.32,-84.83,45.26,-4.07,14.59,7.99
2020-09-22,-32.65,51.8,-84.45,45.47,0.21,14.59,7.96
2020-10-20,-31.25,56.79,-88.04,43.5,-1.97,14.59,8.24
2020-11-17,-23.83,64.37,-88.2,43.41,-0.09,14.59,8.26
2020-12-16,-21.66,68.34,-90.0,42.42,-0.99,14.59,8.4
2021-01-15,-14.99,70.52,-85.51,44.89,2.47,14.59,8.04
2021-02-16,-20.3,77.66,-97.96,38.03,-6.86,14.59,9.04
2021-03-16,-15.86,78.86,-94.72,39.82,1.79,14.59,8.78
2021-04-14,-15.76,85.35,-101.11,36.3,-3.52,14.59,9.29
2021-05-12,-7.79,82.17,-89.96,42.44,6.14,14.59,8.4
2021-06-10,-5.74,89.81,-95.55,39.36,-3.08,14.59,8.85
2021-07-09,-9.69,94.62,-104.31,34.54,-4.82,14.59,9.55
2021-08-06,-9.71,97.23,-106.94,33.09,-1.45,14.59,9.76
2021-09-03,-3.73,101.38,-105.11,34.1,1.01,14.59,9.61
2021-10-04,-7.2,90.07,-97.27,38.41,4.31,14.59,8.99
2021-11-01,-0.63,103.4,-104.03,34.69,-3.72,14.59,9.53
2021-11-30,-2.17,101.47,-103.64,34.91,0.22,14.59,9.5
2021-12-29,11.92,110.49,-98.57,37.7,2.79,14.59,9.09
2022-01-27,14.82,89.59,-74.77,50.8,13.1,14.59,7.18
2022-02-25,12.34,91.86,-79.52,48.19,-2.61,14.59,7.56
2022-03-25,16.37,97.91,-81.54,47.07,-1.12,14.59,7.72
2022-04-25,9.79,86.8,-77.01,49.57,2.5,14.59,7.36
2022-05-23,3.8,72.64,-68.84,54.07,4.5,14.59,6.7
2022-06-22,-0.35,63.12,-63.47,57.02,2.95,14.59,6.27
2022-07-21,1.47,72.71,-71.24,52.74,-4.28,14.59,6.9
2022-08-18,11.5,84.98,-73.48,51.51,-1.23,14.59,7.07
2022-09-16,9.94,66.91,-56.97,60.6,9.09,14.59,5.75
2022-10-14,-2.39,53.85,-56.24,61.0,0.4,14.59,5.69
2022-11-11,5.53,71.06,-65.53,55.89,-5.11,14.59,6.44
2022-12-12,11.5,70.93,-59.43,59.25,3.36,14.59,5.95
2023-01-11,-2.04,69.09,-71.13,52.81,-6.44,14.59,6.89
2023-02-09,-1.71,73.66,-75.37,50.47,-2.34,14.59,7.23
2023-03-10,-14.19,64.3,-78.49,48.75,-1.72,14.59,7.48
2023-04-10,-15.15,73.97,-89.12,42.9,-5.85,14.59,8.33
2023-05-08,-21.22,74.9,-96.12,39.05,-3.85,14.59,8.89
2023-06-06,-20.31,81.01,-101.32,36.18,-2.87,14.59,9.31
2023-07-06,-21.15,85.42,-106.57,33.29,-2.89,14.59,9.73
2023-08-03,-16.42,88.91,-105.33,33.98,0.69,14.59,9.63
2023-08-31,-25.35,89.57,-114.92,28.7,-5.28,14.59,10.4
2023-09-29,-20.68,79.47,-100.15,36.83,8.13,14.59,9.22
2023-10-27,-24.05,72.07,-96.12,39.05,2.22,14.59,8.89
2023-11-27,-21.54,90.05,-111.59,30.53,-8.52,14.59,10.14
2023-12-26,-11.33,98.44,-109.77,31.53,1.0,14.59,9.99
2024-01-25,-18.21,103.14,-121.35,25.16,-6.37,14.59,10.92
2024-02-23,-12.98,110.9,-123.88,23.76,-1.4,14.59,11.12
2024-03-22,-11.64,115.96,-127.6,21.71,-2.05,14.59,11.42
2024-04-22,-20.35,106.36,-126.71,22.2,0.49,14.59,11.35
2024-05-20,-32.94,118.46,-151.4,8.61,-13.59,14.59,13.33
2024-06-18,-32.87,125.56,-158.43,4.74,-3.87,14.59,13.9
2024-07-18,-33.29,126.6,-159.89,3.94,-0.8,14.59,14.02
2024-08-15,-34.44,126.23,-160.67,3.51,-0.43,14.59,14.08
2024-09-13,-34.05,129.28,-163.33,2.04,-1.47,14.59,14.29
2024-09-20,-34.31,132.46,-166.77,0.15,-2.74,14.59,14.57
