Date,rate_GOOG_5D,rate_VOO_20D,Divergence,Relative_Divergence,Delta_Previous_Relative_Divergence,Max_Divergence,Expected_Return
2015-01-02,0.0,0.0,0.0,100.0,0.0,0.0,0.0
2015-02-02,3.3,-0.35,3.65,75.43,-24.57,5.93,1.46
2015-03-03,12.0,4.16,7.84,100.0,24.57,7.84,0.0
2015-03-31,6.99,1.77,5.22,72.44,-27.56,8.48,2.34
2015-04-29,7.44,3.8,3.64,59.09,-13.35,8.48,3.47
2015-05-28,5.57,4.7,0.87,35.67,-23.42,8.48,5.46
2015-06-25,4.63,3.4,1.23,38.72,3.05,8.48,5.2
2015-07-24,21.85,2.43,19.42,75.47,36.75,26.82,6.58
2015-08-21,19.47,-2.77,22.24,84.82,9.35,26.82,4.07
2015-09-21,23.77,-3.24,27.01,100.0,15.18,27.01,0.0
2015-10-19,29.53,0.19,29.34,100.0,0.0,29.34,0.0
2015-11-16,41.38,1.28,40.1,98.19,-1.81,40.9,0.74
2015-12-15,43.76,0.99,42.77,94.35,-3.84,45.53,2.57
2016-01-14,37.84,-5.5,43.34,90.89,-3.46,48.02,4.37
2016-02-12,31.25,-8.03,39.28,75.19,-15.7,53.35,13.24
2016-03-14,40.16,-0.19,40.35,77.07,1.88,53.35,12.23
2016-04-12,42.2,1.51,40.69,77.67,0.6,53.35,11.91
2016-05-10,38.09,2.72,35.37,68.29,-9.38,53.35,16.92
2016-06-08,38.73,4.64,34.09,66.03,-2.26,53.35,18.12
2016-07-07,32.18,3.22,28.96,56.98,-9.05,53.35,22.95
2016-08-04,46.28,6.55,39.73,75.98,19.0,53.35,12.81
2016-09-01,45.36,6.98,38.38,73.6,-2.38,53.35,14.08
2016-09-30,46.97,6.55,40.42,77.2,3.6,53.35,12.16
2016-10-28,49.99,4.59,45.4,85.98,8.78,53.35,7.48
2016-11-28,44.5,8.53,35.97,69.35,-16.63,53.35,16.35
2016-12-27,48.52,11.22,37.3,71.69,2.34,53.35,15.1
2017-01-26,55.73,12.65,43.08,81.89,10.2,53.35,9.66
2017-02-24,54.66,16.21,38.45,73.72,-8.17,53.35,14.02
2017-03-24,51.58,14.65,36.93,71.04,-2.68,53.35,15.45
2017-04-24,60.12,16.11,44.01,83.53,12.49,53.35,8.79
2017-05-22,74.24,17.16,57.08,100.0,16.47,57.08,0.0
2017-06-20,75.26,19.3,55.96,90.18,-9.82,62.42,6.13
2017-07-19,78.44,20.55,57.89,93.11,2.93,62.42,4.3
2017-08-16,69.83,20.37,49.46,80.29,-12.82,62.42,12.3
2017-09-14,68.96,21.78,47.18,76.83,-3.46,62.42,14.46
2017-10-12,79.83,23.78,56.05,90.31,13.48,62.42,6.05
2017-11-09,87.09,25.33,61.76,98.34,8.03,62.86,1.04
2017-12-08,87.51,28.66,58.85,91.1,-7.24,64.93,5.78
2018-01-09,99.31,32.87,66.44,99.43,8.33,66.84,0.38
2018-02-07,88.22,29.27,58.95,80.14,-19.29,74.39,14.77
2018-03-08,101.41,32.18,69.23,93.36,13.22,74.39,4.94
2018-04-06,79.55,25.03,54.52,74.44,-18.92,74.39,19.01
2018-05-04,86.28,27.87,58.41,79.44,5.0,74.39,15.29
2018-06-04,101.74,31.88,69.86,94.17,14.73,74.39,4.34
2018-07-02,98.95,30.25,68.7,92.55,-1.62,74.5,5.55
2018-07-31,114.8,34.73,80.07,91.22,-1.33,88.1,7.74
2018-08-28,116.43,38.61,77.82,88.76,-2.46,88.1,9.9
2018-09-26,106.78,38.34,68.44,78.5,-10.26,88.1,18.94
2018-10-24,83.39,26.38,57.01,66.0,-12.5,88.1,29.95
2018-11-21,80.53,26.07,54.46,63.21,-2.79,88.1,32.41
2018-12-21,69.89,14.29,55.6,64.46,1.25,88.1,31.31
2019-01-23,85.98,24.93,61.05,70.42,5.96,88.1,26.06
2019-02-21,89.06,31.47,57.59,66.64,-3.78,88.1,29.39
2019-03-21,111.56,34.52,77.04,87.91,21.27,88.1,10.65
2019-04-18,111.66,36.81,74.85,85.51,-2.4,88.1,12.77
2019-05-17,98.33,34.65,63.68,73.3,-12.21,88.1,23.52
2019-06-17,85.89,36.1,49.79,58.11,-15.19,88.1,36.91
2019-07-16,95.68,40.67,55.01,63.82,5.71,88.1,31.87
2019-08-13,102.43,37.04,65.39,75.17,11.35,88.1,21.88
2019-09-11,105.64,40.46,65.18,74.94,-0.23,88.1,22.08
2019-10-09,101.98,35.98,66.0,75.83,0.89,88.1,21.29
2019-11-06,116.28,43.13,73.15,83.65,7.82,88.1,14.4
2019-12-05,121.61,45.14,76.47,87.28,3.63,88.1,11.21
2020-01-06,131.81,50.24,81.57,92.86,5.58,88.1,6.29
2020-02-04,139.72,52.49,87.23,91.2,-1.66,95.97,8.45
2020-03-04,128.9,44.68,84.22,88.01,-3.19,96.15,11.53
2020-04-01,82.03,13.74,68.29,72.0,-16.01,96.15,26.92
2020-04-30,122.03,34.32,87.71,91.52,19.52,96.15,8.15
2020-05-29,134.46,40.47,93.99,97.83,6.31,96.15,2.09
2020-06-26,122.36,38.89,83.47,87.26,-10.57,96.15,12.25
2020-07-27,149.33,48.57,100.76,95.18,7.92,106.03,5.11
2020-08-24,157.88,57.32,100.56,95.0,-0.18,106.03,5.3
2020-09-22,137.07,51.8,85.27,74.36,-20.64,115.82,29.7
2020-10-20,150.83,56.79,94.04,81.72,7.36,115.82,21.17
2020-11-17,184.32,64.37,119.95,96.54,14.82,124.37,4.3
2020-12-16,182.09,68.34,113.75,90.75,-5.79,125.69,11.63
2021-01-15,176.77,70.52,106.25,84.93,-5.82,125.69,18.94
2021-02-16,236.93,77.66,159.27,100.0,15.07,159.27,0.0
2021-03-16,230.94,78.86,152.08,95.01,-4.99,160.25,8.0
2021-04-14,255.17,85.35,169.82,97.26,2.25,174.7,4.79
2021-05-12,251.22,82.17,169.05,87.57,-9.69,193.53,24.06
2021-06-10,293.9,89.81,204.09,100.0,12.43,204.09,0.0
2021-07-09,303.11,94.62,208.49,99.04,-0.96,210.54,2.02
2021-08-06,324.51,97.23,227.28,95.81,-3.23,237.37,9.95
2021-09-03,346.56,101.38,245.18,98.33,2.52,249.41,4.17
2021-10-04,310.87,90.07,220.8,88.68,-9.65,249.41,28.23
2021-11-01,339.74,103.4,236.34,93.91,5.23,251.88,15.34
2021-11-30,335.69,101.47,234.22,92.56,-1.35,253.32,18.85
2021-12-29,346.21,110.49,235.72,93.14,0.58,253.32,17.38
2022-01-27,291.62,89.59,202.03,80.02,-13.12,253.32,50.61
2022-02-25,306.31,91.86,214.45,84.86,4.84,253.32,38.35
2022-03-25,325.74,97.91,227.83,90.07,5.21,253.32,25.15
2022-04-25,269.26,86.8,182.46,72.39,-17.68,253.32,69.94
2022-05-23,233.29,72.64,160.65,63.9,-8.49,253.32,91.45
2022-06-22,233.14,63.12,170.02,67.55,3.65,253.32,82.2
2022-07-21,240.82,72.71,168.11,66.8,-0.75,253.32,84.1
2022-08-18,256.73,84.98,171.75,68.22,1.42,253.32,80.51
2022-09-16,204.78,66.91,137.87,55.02,-13.2,253.32,113.94
2022-10-14,184.83,53.85,130.98,52.34,-2.68,253.32,120.73
2022-11-11,182.62,71.06,111.56,44.77,-7.57,253.32,139.91
2022-12-12,172.44,70.93,101.51,40.85,-3.92,253.32,149.84
2023-01-11,167.81,69.09,98.72,39.77,-1.08,253.32,152.57
2023-02-09,176.16,73.66,102.5,41.24,1.47,253.32,148.85
2023-03-10,162.46,64.3,98.16,39.55,-1.69,253.32,153.13
2023-04-10,207.39,73.97,133.42,53.29,13.74,253.32,118.33
2023-05-08,210.05,74.9,135.15,53.96,0.67,253.32,116.63
2023-06-06,265.08,81.01,184.07,73.02,19.06,253.32,68.35
2023-07-06,243.95,85.42,158.53,63.07,-9.95,253.32,93.55
2023-08-03,264.94,88.91,176.03,69.89,6.82,253.32,76.27
2023-08-31,289.25,89.57,199.68,79.1,9.21,253.32,52.94
2023-09-29,272.31,79.47,192.84,76.44,-2.66,253.32,59.68
2023-10-27,247.2,72.07,175.13,69.54,-6.9,253.32,77.16
2023-11-27,287.06,90.05,197.01,78.06,8.52,253.32,55.58
2023-12-26,299.02,98.44,200.58,79.45,1.39,253.32,52.06
2024-01-25,327.72,103.14,224.58,88.8,9.35,253.32,28.37
2024-02-23,303.03,110.9,192.13,76.16,-12.64,253.32,60.39
2024-03-22,319.53,115.96,203.57,80.62,4.46,253.32,49.09
2024-04-22,335.03,106.36,228.67,90.4,9.78,253.32,24.32
2024-05-20,389.71,118.46,271.25,100.0,9.6,271.25,0.0
2024-06-18,382.4,125.56,256.84,93.94,-6.06,273.63,16.58
2024-07-18,388.14,126.6,261.54,88.67,-5.27,295.39,33.47
2024-08-15,342.82,126.23,216.59,73.62,-15.05,295.39,77.92
2024-09-13,328.27,129.28,198.99,67.73,-5.89,295.39,95.32
2024-09-20,345.23,132.53,212.7,72.32,-3.0,295.39,81.76
