Date,rate_GIS_5D,rate_VOO_20D,Divergence,Relative_Divergence,Delta_Previous_Relative_Divergence,Max_Divergence,Expected_Return
2015-01-02,0.0,0.0,0.0,100.0,0.0,0.0,0.0
2015-02-02,0.81,-0.35,1.16,97.45,-2.55,4.48,0.11
2015-03-03,1.55,4.16,-2.61,94.56,-2.89,4.48,0.24
2015-03-31,7.48,1.77,5.71,100.0,5.44,5.71,0.0
2015-04-29,5.45,3.8,1.65,96.89,-3.11,5.75,0.18
2015-05-28,6.68,4.7,1.98,97.14,0.25,5.75,0.16
2015-06-25,7.07,3.4,3.67,98.42,1.28,5.75,0.09
2015-07-24,7.81,2.43,5.38,98.66,0.24,7.16,0.1
2015-08-21,6.35,-2.77,9.12,99.35,0.69,10.0,0.07
2015-09-21,7.39,-3.24,10.63,98.56,-0.79,12.62,0.18
2015-10-19,7.11,0.19,6.92,95.19,-3.37,13.63,0.66
2015-11-16,7.84,1.28,6.56,94.93,-0.26,13.63,0.69
2015-12-15,10.47,0.99,9.48,97.03,2.1,13.63,0.4
2016-01-14,4.36,-5.5,9.86,97.3,0.27,13.63,0.37
2016-02-12,7.21,-8.03,15.24,99.9,2.6,15.38,0.02
2016-03-14,14.63,-0.19,14.82,98.5,-1.4,16.97,0.25
2016-04-12,19.28,1.51,17.77,97.67,-0.83,21.2,0.49
2016-05-10,19.64,2.72,16.92,97.09,-0.58,21.2,0.62
2016-06-08,20.77,4.64,16.13,96.55,-0.54,21.2,0.73
2016-07-07,34.72,3.22,31.5,99.41,2.86,32.44,0.19
2016-08-04,31.58,6.55,25.03,95.32,-4.09,32.44,1.52
2016-09-01,30.61,6.98,23.63,94.44,-0.88,32.44,1.8
2016-09-30,19.01,6.55,12.46,87.38,-7.06,32.44,4.09
2016-10-28,14.72,4.59,10.13,85.91,-1.47,32.44,4.57
2016-11-28,15.38,8.53,6.85,83.84,-2.07,32.44,5.24
2016-12-27,15.49,11.22,4.27,82.21,-1.63,32.44,5.77
2017-01-26,16.29,12.65,3.64,81.81,-0.4,32.44,5.9
2017-02-24,13.71,16.21,-2.5,77.93,-3.88,32.44,7.16
2017-03-24,9.52,14.65,-5.13,76.27,-1.66,32.44,7.7
2017-04-24,7.56,16.11,-8.55,74.11,-2.16,32.44,8.4
2017-05-22,4.88,17.16,-12.28,71.76,-2.35,32.44,9.16
2017-06-20,4.88,19.3,-14.42,70.41,-1.35,32.44,9.6
2017-07-19,-0.47,20.55,-21.02,66.24,-4.17,32.44,10.95
2017-08-16,6.3,20.37,-14.07,70.63,4.39,32.44,9.53
2017-09-14,1.72,21.78,-20.06,66.85,-3.78,32.44,10.75
2017-10-12,-5.24,23.78,-29.02,61.19,-5.66,32.44,12.59
2017-11-09,-4.26,25.33,-29.59,60.83,-0.36,32.44,12.71
2017-12-08,3.2,28.66,-25.46,63.44,2.61,32.44,11.86
2018-01-09,9.56,32.87,-23.31,64.79,1.35,32.44,11.42
2018-02-07,0.9,29.27,-28.37,61.6,-3.19,32.44,12.46
2018-03-08,-4.5,32.18,-36.68,56.35,-5.25,32.44,14.16
2018-04-06,-15.88,25.03,-40.91,53.68,-2.67,32.44,15.03
2018-05-04,-21.39,27.87,-49.26,48.41,-5.27,32.44,16.74
2018-06-04,-20.46,31.88,-52.34,46.46,-1.95,32.44,17.37
2018-07-02,-20.15,30.25,-50.4,47.69,1.23,32.44,16.97
2018-07-31,-17.35,34.73,-52.08,46.62,-1.07,32.44,17.32
2018-08-28,-18.22,38.61,-56.83,43.62,-3.0,32.44,18.29
2018-09-26,-20.53,38.34,-58.87,42.34,-1.28,32.44,18.7
2018-10-24,-18.76,26.38,-45.14,51.01,8.67,32.44,15.89
2018-11-21,-20.81,26.07,-46.88,49.91,-1.1,32.44,16.25
2018-12-21,-27.21,14.29,-41.5,53.31,3.4,32.44,15.15
2019-01-23,-19.4,24.93,-44.33,51.52,-1.79,32.44,15.73
2019-02-21,-14.94,31.47,-46.41,50.21,-1.31,32.44,16.15
2019-03-21,-10.28,34.52,-44.8,51.22,1.01,32.44,15.82
2019-04-18,-7.74,36.81,-44.55,51.38,0.16,32.44,15.77
2019-05-17,-6.67,34.65,-41.32,53.42,2.04,32.44,15.11
2019-06-17,-5.75,36.1,-41.85,53.08,-0.34,32.44,15.22
2019-07-16,-5.91,40.67,-46.58,50.1,-2.98,32.44,16.19
2019-08-13,-3.61,37.04,-40.65,53.84,3.74,32.44,14.97
2019-09-11,-3.68,40.46,-44.14,51.64,-2.2,32.44,15.69
2019-10-09,-3.9,35.98,-39.88,54.33,2.69,32.44,14.82
2019-11-06,-6.37,43.13,-49.5,48.25,-6.08,32.44,16.79
2019-12-05,-4.2,45.14,-49.34,48.35,0.1,32.44,16.76
2020-01-06,-6.13,50.24,-56.37,43.92,-4.43,32.44,18.19
2020-02-04,-6.16,52.49,-58.65,42.48,-1.44,32.44,18.66
2020-03-04,-3.67,44.68,-48.35,48.98,6.5,32.44,16.55
2020-04-01,-5.23,13.74,-18.97,67.53,18.55,32.44,10.53
2020-04-30,4.98,34.32,-29.34,60.99,-6.54,32.44,12.65
2020-05-29,9.71,40.47,-30.76,60.09,-0.9,32.44,12.95
2020-06-26,3.86,38.89,-35.03,57.39,-2.7,32.44,13.82
2020-07-27,11.18,48.57,-37.39,55.9,-1.49,32.44,14.31
2020-08-24,11.18,57.32,-46.14,50.38,-5.52,32.44,16.1
2020-09-22,1.83,51.8,-49.97,47.96,-2.42,32.44,16.88
2020-10-20,6.51,56.79,-50.28,47.76,-0.2,32.44,16.95
2020-11-17,6.72,64.37,-57.65,43.11,-4.65,32.44,18.46
2020-12-16,3.11,68.34,-65.23,38.32,-4.79,32.44,20.01
2021-01-15,-0.97,70.52,-71.49,34.37,-3.95,32.44,21.29
2021-02-16,-0.9,77.66,-78.56,29.9,-4.47,32.44,22.74
2021-03-16,3.8,78.86,-75.06,32.11,2.21,32.44,22.02
2021-04-14,5.63,85.35,-79.72,29.17,-2.94,32.44,22.98
2021-05-12,9.16,82.17,-73.01,33.41,4.24,32.44,21.6
2021-06-10,8.51,89.81,-81.3,28.17,-5.24,32.44,23.3
2021-07-09,4.12,94.62,-90.5,22.36,-5.81,32.44,25.19
2021-08-06,1.31,97.23,-95.92,18.94,-3.42,32.44,26.3
2021-09-03,1.15,101.38,-100.23,16.22,-2.72,32.44,27.18
2021-10-04,6.72,90.07,-83.35,26.88,10.66,32.44,23.72
2021-11-01,7.95,103.4,-95.45,19.24,-7.64,32.44,26.2
2021-11-30,7.16,101.47,-94.31,19.96,0.72,32.44,25.96
2021-12-29,15.11,110.49,-95.38,19.28,-0.68,32.44,26.19
2022-01-27,17.05,89.59,-72.54,33.7,14.42,32.44,21.51
2022-02-25,16.41,91.86,-75.45,31.87,-1.83,32.44,22.1
2022-03-25,15.41,97.91,-82.5,27.41,-4.46,32.44,23.55
2022-04-25,22.64,86.8,-64.16,39.0,11.59,32.44,19.79
2022-05-23,15.35,72.64,-57.29,43.33,4.33,32.44,18.38
2022-06-22,15.89,63.12,-47.23,49.69,6.36,32.44,16.32
2022-07-21,23.66,72.71,-49.05,48.54,-1.15,32.44,16.69
2022-08-18,30.21,84.98,-54.77,44.93,-3.61,32.44,17.86
2022-09-16,26.64,66.91,-40.27,54.08,9.15,32.44,14.9
2022-10-14,30.21,53.85,-23.64,64.58,10.5,32.44,11.49
2022-11-11,29.34,71.06,-41.72,53.17,-11.41,32.44,15.19
2022-12-12,43.66,70.93,-27.27,62.29,9.12,32.44,12.23
2023-01-11,39.08,69.09,-30.01,60.56,-1.73,32.44,12.79
2023-02-09,25.73,73.66,-47.93,49.25,-11.31,32.44,16.46
2023-03-10,30.56,64.3,-33.74,58.21,8.96,32.44,13.56
2023-04-10,42.18,73.97,-31.79,59.44,1.23,32.44,13.16
2023-05-08,47.25,74.9,-27.65,62.05,2.61,32.44,12.31
2023-06-06,37.88,81.01,-43.13,52.28,-9.77,32.44,15.48
2023-07-06,26.68,85.42,-58.74,42.42,-9.86,32.44,18.68
2023-08-03,23.69,88.91,-65.22,38.33,-4.09,32.44,20.01
2023-08-31,13.38,89.57,-76.19,31.4,-6.93,32.44,22.25
2023-09-29,7.81,79.47,-71.66,34.26,2.86,32.44,21.33
2023-10-27,9.75,72.07,-62.32,40.16,5.9,32.44,19.41
2023-11-27,7.11,90.05,-82.94,27.14,-13.02,32.44,23.64
2023-12-26,8.75,98.44,-89.69,22.87,-4.27,32.44,25.02
2024-01-25,8.35,103.14,-94.79,19.65,-3.22,32.44,26.07
2024-02-23,9.58,110.9,-101.32,15.53,-4.12,32.44,27.4
2024-03-22,15.23,115.96,-100.73,15.9,0.37,32.44,27.28
2024-04-22,18.26,106.36,-88.1,23.88,7.98,32.44,24.69
2024-05-20,18.57,118.46,-99.89,16.43,-7.45,32.44,27.11
2024-06-18,11.34,125.56,-114.22,7.38,-9.05,32.44,30.05
2024-07-18,9.59,126.6,-117.01,5.62,-1.76,32.44,30.62
2024-08-15,14.38,126.23,-111.85,8.88,3.26,32.44,29.56
2024-09-13,21.74,129.28,-107.54,11.6,2.72,32.44,28.68
2024-09-17,23.05,129.06,-106.01,12.57,4.35,32.44,28.36
