Date,rate_PSA_5D,rate_VOO_20D,Divergence,Relative_Divergence,Delta_Previous_Relative_Divergence,Max_Divergence,Expected_Return
2015-01-02,0.0,0.0,0.0,100.0,0.0,0.0,0.0
2015-02-02,4.91,-0.35,5.26,98.7,-1.3,6.66,0.09
2015-03-03,2.34,4.16,-1.82,92.1,-6.6,6.66,0.53
2015-03-31,2.46,1.77,0.69,94.44,2.34,6.66,0.37
2015-04-29,-2.02,3.8,-5.82,88.37,-6.07,6.66,0.77
2015-05-28,1.6,4.7,-3.1,90.91,2.54,6.66,0.61
2015-06-25,-4.6,3.4,-8.0,86.34,-4.57,6.66,0.91
2015-07-24,4.93,2.43,2.5,96.12,9.78,6.66,0.26
2015-08-21,10.36,-2.77,13.13,100.0,3.88,13.13,0.0
2015-09-21,8.76,-3.24,12.0,99.01,-0.99,13.13,0.13
2015-10-19,17.15,0.19,16.96,100.0,0.99,16.96,0.0
2015-11-16,18.73,1.28,17.45,98.7,-1.3,19.0,0.25
2015-12-15,27.54,0.99,26.55,98.29,-0.41,28.77,0.49
2016-01-14,28.8,-5.5,34.3,99.04,0.75,35.61,0.34
2016-02-12,20.24,-8.03,28.27,93.23,-5.81,37.64,2.55
2016-03-14,33.39,-0.19,33.58,97.06,3.83,37.64,1.11
2016-04-12,41.47,1.51,39.96,99.75,2.69,40.31,0.1
2016-05-10,35.45,2.72,32.73,94.62,-5.13,40.31,2.17
2016-06-08,28.57,4.64,23.93,88.38,-6.24,40.31,4.68
2016-07-07,29.22,3.22,26.0,89.85,1.47,40.31,4.09
2016-08-04,17.23,6.55,10.68,78.98,-10.87,40.31,8.47
2016-09-01,14.84,6.98,7.86,76.98,-2.0,40.31,9.28
2016-09-30,13.33,6.55,6.78,76.22,-0.76,40.31,9.59
2016-10-28,5.45,4.59,0.86,72.02,-4.2,40.31,11.28
2016-11-28,6.29,8.53,-2.24,69.82,-2.2,40.31,12.17
2016-12-27,11.63,11.22,0.41,71.7,1.88,40.31,11.41
2017-01-26,10.56,12.65,-2.09,69.93,-1.77,40.31,12.12
2017-02-24,15.63,16.21,-0.58,71.0,1.07,40.31,11.69
2017-03-24,12.72,14.65,-1.93,70.04,-0.96,40.31,12.08
2017-04-24,14.43,16.11,-1.68,70.22,0.18,40.31,12.0
2017-05-22,8.89,17.16,-8.27,65.54,-4.68,40.31,13.89
2017-06-20,6.89,19.3,-12.41,62.61,-2.93,40.31,15.07
2017-07-19,4.83,20.55,-15.72,60.26,-2.35,40.31,16.02
2017-08-16,0.4,20.37,-19.97,57.25,-3.01,40.31,17.23
2017-09-14,7.19,21.78,-14.59,61.06,3.81,40.31,15.7
2017-10-12,9.27,23.78,-14.51,61.12,0.06,40.31,15.67
2017-11-09,6.49,25.33,-18.84,58.05,-3.07,40.31,16.91
2017-12-08,6.17,28.66,-22.49,55.46,-2.59,40.31,17.95
2018-01-09,1.27,32.87,-31.6,49.0,-6.46,40.31,20.56
2018-02-07,-6.66,29.27,-35.93,45.93,-3.07,40.31,21.8
2018-03-08,0.63,32.18,-31.55,49.03,3.1,40.31,20.55
2018-04-06,0.35,25.03,-24.68,53.9,4.87,40.31,18.58
2018-05-04,4.41,27.87,-23.46,54.77,0.87,40.31,18.23
2018-06-04,7.71,31.88,-24.17,54.27,-0.5,40.31,18.43
2018-07-02,13.79,30.25,-16.46,59.73,5.46,40.31,16.23
2018-07-31,9.51,34.73,-25.22,53.52,-6.21,40.31,18.74
2018-08-28,7.85,38.61,-30.76,49.59,-3.93,40.31,20.32
2018-09-26,1.02,38.34,-37.32,44.94,-4.65,40.31,22.19
2018-10-24,0.79,26.38,-25.59,53.26,8.32,40.31,18.84
2018-11-21,4.78,26.07,-21.29,56.31,3.05,40.31,17.61
2018-12-21,2.03,14.29,-12.26,62.71,6.4,40.31,15.03
2019-01-23,1.29,24.93,-23.64,54.64,-8.07,40.31,18.28
2019-02-21,0.58,31.47,-30.89,49.5,-5.14,40.31,20.36
2019-03-21,11.34,34.52,-23.18,54.97,5.47,40.31,18.15
2019-04-18,8.98,36.81,-27.83,51.67,-3.3,40.31,19.48
2019-05-17,15.24,34.65,-19.41,57.64,5.97,40.31,17.08
2019-06-17,22.15,36.1,-13.95,61.52,3.88,40.31,15.51
2019-07-16,24.4,40.67,-16.27,59.87,-1.65,40.31,16.18
2019-08-13,28.89,37.04,-8.15,65.63,5.76,40.31,13.85
2019-09-11,24.41,40.46,-16.05,60.03,-5.6,40.31,16.11
2019-10-09,23.1,35.98,-12.88,62.27,2.24,40.31,15.21
2019-11-06,6.7,43.13,-36.43,45.57,-16.7,40.31,21.94
2019-12-05,6.16,45.14,-38.98,43.76,-1.81,40.31,22.67
2020-01-06,6.62,50.24,-43.62,40.47,-3.29,40.31,24.0
2020-02-04,10.86,52.49,-41.63,41.88,1.41,40.31,23.43
2020-03-04,12.26,44.68,-32.42,48.41,6.53,40.31,20.8
2020-04-01,-2.36,13.74,-16.1,59.99,11.58,40.31,16.13
2020-04-30,-7.9,34.32,-42.22,41.46,-18.53,40.31,23.6
2020-05-29,0.74,40.47,-39.73,43.23,1.77,40.31,22.88
2020-06-26,-5.96,38.89,-44.85,39.6,-3.63,40.31,24.35
2020-07-27,-7.8,48.57,-56.37,31.43,-8.17,40.31,27.64
2020-08-24,2.64,57.32,-54.68,32.63,1.2,40.31,27.16
2020-09-22,8.96,51.8,-42.84,41.02,8.39,40.31,23.77
2020-10-20,15.71,56.79,-41.08,42.27,1.25,40.31,23.27
2020-11-17,16.32,64.37,-48.05,37.33,-4.94,40.31,25.26
2020-12-16,11.99,68.34,-56.35,31.44,-5.89,40.31,27.64
2021-01-15,11.16,70.52,-59.36,29.31,-2.13,40.31,28.5
2021-02-16,13.83,77.66,-63.83,26.14,-3.17,40.31,29.77
2021-03-16,21.34,78.86,-57.52,30.61,4.47,40.31,27.97
2021-04-14,30.27,85.35,-55.08,32.34,1.73,40.31,27.27
2021-05-12,33.04,82.17,-49.13,36.56,4.22,40.31,25.57
2021-06-10,45.5,89.81,-44.31,39.98,3.42,40.31,24.19
2021-07-09,53.19,94.62,-41.43,42.02,2.04,40.31,23.37
2021-08-06,49.49,97.23,-47.74,37.55,-4.47,40.31,25.17
2021-09-03,61.91,101.38,-39.47,43.41,5.86,40.31,22.81
2021-10-04,45.65,90.07,-44.42,39.9,-3.51,40.31,24.23
2021-11-01,61.72,103.4,-41.68,41.85,1.95,40.31,23.44
2021-11-30,59.64,101.47,-41.83,41.74,-0.11,40.31,23.48
2021-12-29,81.31,110.49,-29.18,50.71,8.97,40.31,19.87
2022-01-27,68.09,89.59,-21.5,56.16,5.45,40.31,17.67
2022-02-25,75.66,91.86,-16.2,59.92,3.76,40.31,16.16
2022-03-25,81.68,97.91,-16.23,59.9,-0.02,40.31,16.16
2022-04-25,92.29,86.8,5.49,75.3,15.4,40.31,9.96
2022-05-23,53.93,72.64,-18.71,58.14,-17.16,40.31,16.87
2022-06-22,46.97,63.12,-16.15,59.95,1.81,40.31,16.14
2022-07-21,52.96,72.71,-19.75,57.4,-2.55,40.31,17.17
2022-08-18,68.72,84.98,-16.26,59.88,2.48,40.31,16.17
2022-09-16,49.44,66.91,-17.47,59.02,-0.86,40.31,16.52
2022-10-14,34.28,53.85,-19.57,57.53,-1.49,40.31,17.12
2022-11-11,40.45,71.06,-30.61,49.7,-7.83,40.31,20.28
2022-12-12,43.2,70.93,-27.73,51.74,2.04,40.31,19.45
2023-01-11,39.35,69.09,-29.74,50.32,-1.42,40.31,20.03
2023-02-09,41.43,73.66,-32.23,48.55,-1.77,40.31,20.74
2023-03-10,33.15,64.3,-31.15,49.32,0.77,40.31,20.43
2023-04-10,47.1,73.97,-26.87,52.35,3.03,40.31,19.21
2023-05-08,40.24,74.9,-34.66,46.83,-5.52,40.31,21.43
2023-06-06,31.9,81.01,-49.11,36.58,-10.25,40.31,25.56
2023-07-06,36.87,85.42,-48.55,36.97,0.39,40.31,25.41
2023-08-03,34.84,88.91,-54.07,33.06,-3.91,40.31,26.98
2023-08-31,29.86,89.57,-59.71,29.06,-4.0,40.31,28.6
2023-09-29,23.68,79.47,-55.79,31.84,2.78,40.31,27.48
2023-10-27,13.91,72.07,-58.16,30.16,-1.68,40.31,28.15
2023-11-27,19.91,90.05,-70.14,21.66,-8.5,40.31,31.58
2023-12-26,35.8,98.44,-62.64,26.98,5.32,40.31,29.43
2024-01-25,31.93,103.14,-71.21,20.9,-6.08,40.31,31.89
2024-02-23,29.01,110.9,-81.89,13.33,-7.57,40.31,34.94
2024-03-22,26.7,115.96,-89.26,8.1,-5.23,40.31,37.04
2024-04-22,19.35,106.36,-87.01,9.7,1.6,40.31,36.4
2024-05-20,29.09,118.46,-89.37,8.02,-1.68,40.31,37.08
2024-06-18,31.19,125.56,-94.37,4.48,-3.54,40.31,38.5
2024-07-18,35.94,126.6,-90.66,7.11,2.63,40.31,37.44
2024-08-15,41.23,126.23,-85.0,11.12,4.01,40.31,35.83
2024-09-13,57.8,129.28,-71.48,20.71,9.59,40.31,31.96
2024-09-19,56.35,133.16,-76.81,16.93,4.99,40.31,33.49
