Date,rate_SHW_5D,rate_VOO_20D,Divergence,Relative_Divergence,Delta_Previous_Relative_Divergence,Max_Divergence,Expected_Return
2015-01-02,0.0,0.0,0.0,100.0,0.0,0.0,0.0
2015-02-02,3.12,-0.35,3.47,96.2,-3.8,4.14,0.16
2015-03-03,7.94,4.16,3.78,92.21,-3.99,5.24,0.41
2015-03-31,7.4,1.77,5.63,97.55,5.34,6.11,0.15
2015-04-29,5.32,3.8,1.52,72.96,-24.59,7.09,1.92
2015-05-28,9.29,4.7,4.59,87.86,14.9,7.09,0.86
2015-06-25,6.46,3.4,3.06,80.44,-7.42,7.09,1.39
2015-07-24,0.58,2.43,-1.85,56.6,-23.84,7.09,3.08
2015-08-21,-1.64,-2.77,1.13,71.07,14.47,7.09,2.05
2015-09-21,-8.02,-3.24,-4.78,42.38,-28.69,7.09,4.09
2015-10-19,-8.44,0.19,-8.63,23.69,-18.69,7.09,5.41
2015-11-16,0.6,1.28,-0.68,62.28,38.59,7.09,2.67
2015-12-15,-0.76,0.99,-1.75,57.09,-5.19,7.09,3.04
2016-01-14,-8.31,-5.5,-2.81,51.94,-5.15,7.09,3.41
2016-02-12,-3.23,-8.03,4.8,88.88,36.94,7.09,0.79
2016-03-14,6.92,-0.19,7.11,94.67,5.79,8.27,0.44
2016-04-12,12.11,1.51,10.6,98.13,3.46,11.06,0.21
2016-05-10,11.4,2.72,8.68,90.31,-7.82,11.06,1.07
2016-06-08,11.05,4.64,6.41,81.07,-9.24,11.06,2.09
2016-07-07,13.5,3.22,10.28,96.83,15.76,11.06,0.35
2016-08-04,12.62,6.55,6.07,79.69,-17.14,11.06,2.25
2016-09-01,7.02,6.98,0.04,55.15,-24.54,11.06,4.96
2016-09-30,3.78,6.55,-2.77,43.71,-11.44,11.06,6.23
2016-10-28,-8.22,4.59,-12.81,2.85,-40.86,11.06,10.74
2016-11-28,2.85,8.53,-5.68,31.87,29.02,11.06,7.54
2016-12-27,2.23,11.22,-8.99,18.4,-13.47,11.06,9.02
2017-01-26,14.44,12.65,1.79,62.27,43.87,11.06,4.17
2017-02-24,17.18,16.21,0.97,58.93,-3.34,11.06,4.54
2017-03-24,15.84,14.65,1.19,59.83,0.9,11.06,4.44
2017-04-24,22.55,16.11,6.44,81.2,21.37,11.06,2.08
2017-05-22,23.75,17.16,6.59,81.81,0.61,11.06,2.01
2017-06-20,33.42,19.3,14.12,100.0,18.19,14.12,0.0
2017-07-19,33.83,20.55,13.28,92.09,-7.91,15.58,1.23
2017-08-16,23.86,20.37,3.49,58.44,-33.65,15.58,6.48
2017-09-14,28.51,21.78,6.73,69.58,11.14,15.58,4.74
2017-10-12,41.96,23.78,18.18,99.78,30.2,18.25,0.04
2017-11-09,42.9,25.33,17.57,86.26,-13.52,22.52,3.09
2017-12-08,50.59,28.66,21.93,98.36,12.1,22.52,0.37
2018-01-09,55.85,32.87,22.98,99.45,1.09,23.18,0.13
2018-02-07,47.88,29.27,18.61,84.46,-14.99,24.52,3.81
2018-03-08,47.86,32.18,15.68,76.76,-7.7,24.52,5.7
2018-04-06,40.74,25.03,15.71,76.83,0.07,24.52,5.68
2018-05-04,37.5,27.87,9.63,60.85,-15.98,24.52,9.6
2018-06-04,40.6,31.88,8.72,58.45,-2.4,24.52,10.19
2018-07-02,47.5,30.25,17.25,80.88,22.43,24.52,4.69
2018-07-31,59.81,34.73,25.08,95.0,14.12,27.11,1.36
2018-08-28,63.69,38.61,25.08,95.0,0.0,27.11,1.36
2018-09-26,65.22,38.34,26.88,88.13,-6.87,32.32,3.84
2018-10-24,39.52,26.38,13.14,58.15,-29.98,32.32,13.53
2018-11-21,47.33,26.07,21.26,75.87,17.72,32.32,7.8
2018-12-21,34.86,14.29,20.57,74.36,-1.51,32.32,8.29
2019-01-23,40.62,24.93,15.69,63.71,-10.65,32.32,11.73
2019-02-21,56.82,31.47,25.35,84.79,21.08,32.32,4.92
2019-03-21,54.29,34.52,19.77,72.62,-12.17,32.32,8.85
2019-04-18,60.6,36.81,23.79,81.39,8.77,32.32,6.01
2019-05-17,54.27,34.65,19.62,72.29,-9.1,32.32,8.96
2019-06-17,65.25,36.1,29.15,91.66,19.37,33.03,2.75
2019-07-16,64.75,40.67,24.08,80.77,-10.89,33.03,6.35
2019-08-13,84.77,37.04,47.73,100.0,19.23,47.73,0.0
2019-09-11,84.76,40.46,44.3,89.66,-10.34,50.97,5.27
2019-10-09,94.07,35.98,58.09,100.0,10.34,58.09,0.0
2019-11-06,100.27,43.13,57.14,92.7,-7.3,62.7,4.58
2019-12-05,98.69,45.14,53.55,87.99,-4.71,62.7,7.53
2020-01-06,94.94,50.24,44.7,76.38,-11.61,62.7,14.81
2020-02-04,102.45,52.49,49.96,83.28,6.9,62.7,10.48
2020-03-04,97.68,44.68,53.0,87.27,3.99,62.7,7.98
2020-04-01,45.88,13.74,32.14,59.9,-27.37,62.7,25.14
2020-04-30,84.1,34.32,49.78,83.05,23.15,62.7,10.63
2020-05-29,103.27,40.47,62.8,100.0,16.95,62.8,0.0
2020-06-26,90.26,38.89,51.37,85.02,-14.98,62.8,9.41
2020-07-27,112.82,48.57,64.25,100.0,14.98,64.25,0.0
2020-08-24,127.69,57.32,70.37,96.46,-3.54,73.45,2.6
2020-09-22,135.33,51.8,83.53,95.95,-0.51,87.63,3.55
2020-10-20,127.34,56.79,70.55,83.11,-12.84,87.63,14.8
2020-11-17,145.4,64.37,81.03,93.47,10.36,87.63,5.72
2020-12-16,141.69,68.34,73.35,85.88,-7.59,87.63,12.37
2021-01-15,141.88,70.52,71.36,83.91,-1.97,87.63,14.1
2021-02-16,135.06,77.66,57.4,70.11,-13.8,87.63,26.19
2021-03-16,137.49,78.86,58.63,71.33,1.22,87.63,25.12
2021-04-14,152.55,85.35,67.2,79.8,8.47,87.63,17.7
2021-05-12,176.09,82.17,93.92,97.21,17.41,97.0,2.71
2021-06-10,173.15,89.81,83.34,87.13,-10.08,97.65,12.57
2021-07-09,170.58,94.62,75.96,80.49,-6.64,97.65,19.05
2021-08-06,189.82,97.23,92.59,95.45,14.96,97.65,4.44
2021-09-03,198.94,101.38,97.56,96.08,0.63,102.09,4.0
2021-10-04,176.44,90.07,86.37,86.4,-9.68,102.09,13.88
2021-11-01,199.37,103.4,95.97,89.9,3.5,108.27,10.94
2021-11-30,219.78,101.47,118.31,99.1,9.2,119.51,1.08
2021-12-29,237.92,110.49,127.43,98.59,-0.51,129.45,1.83
2022-01-27,171.33,89.59,81.74,66.63,-31.96,129.45,43.2
2022-02-25,155.21,91.86,63.35,53.76,-12.87,129.45,59.86
2022-03-25,133.4,97.91,35.49,34.28,-19.48,129.45,85.07
2022-04-25,135.33,86.8,48.53,43.4,9.12,129.45,73.27
2022-05-23,145.21,72.64,72.57,60.21,16.81,129.45,51.51
2022-06-22,108.54,63.12,45.42,41.22,-18.99,129.45,76.09
2022-07-21,141.19,72.71,68.48,57.35,16.13,129.45,55.21
2022-08-18,133.34,84.98,48.36,43.28,-14.07,129.45,73.42
2022-09-16,107.07,66.91,40.16,37.54,-5.74,129.45,80.85
2022-10-14,87.88,53.85,34.03,33.25,-4.29,129.45,86.41
2022-11-11,111.94,71.06,40.88,38.05,4.8,129.45,80.19
2022-12-12,122.81,70.93,51.88,45.74,7.69,129.45,70.24
2023-01-11,115.93,69.09,46.84,42.21,-3.53,129.45,74.81
2023-02-09,105.71,73.66,32.05,31.87,-10.34,129.45,88.19
2023-03-10,91.53,64.3,27.23,28.5,-3.37,129.45,92.56
2023-04-10,97.64,73.97,23.67,26.01,-2.49,129.45,95.78
2023-05-08,101.96,74.9,27.06,28.38,2.37,129.45,92.71
2023-06-06,108.33,81.01,27.32,28.56,0.18,129.45,92.48
2023-07-06,120.27,85.42,34.85,33.83,5.27,129.45,85.66
2023-08-03,131.24,88.91,42.33,39.06,5.23,129.45,78.89
2023-08-31,130.14,89.57,40.57,37.83,-1.23,129.45,80.48
2023-09-29,117.33,79.47,37.86,35.93,-1.9,129.45,82.94
2023-10-27,102.92,72.07,30.85,31.03,-4.9,129.45,89.28
2023-11-27,130.99,90.05,40.94,38.09,7.06,129.45,80.14
2023-12-26,157.37,98.44,58.93,50.67,12.58,129.45,63.86
2024-01-25,150.3,103.14,47.16,42.44,-8.23,129.45,74.51
2024-02-23,162.64,110.9,51.74,45.64,3.2,129.45,70.37
2024-03-22,176.83,115.96,60.87,52.03,6.39,129.45,62.1
2024-04-22,151.91,106.36,45.55,41.31,-10.72,129.45,75.97
2024-05-20,151.31,118.46,32.85,32.43,-8.88,129.45,87.47
2024-06-18,144.03,125.56,18.47,22.37,-10.06,129.45,100.49
2024-07-18,161.34,126.6,34.74,33.75,11.38,129.45,85.76
2024-08-15,182.57,126.23,56.34,48.86,15.11,129.45,66.2
2024-09-13,195.11,129.28,65.83,55.5,6.64,129.45,57.61
2024-09-19,197.23,133.16,64.07,54.27,6.82,129.45,59.2
