Date,rate_CI_5D,rate_VOO_20D,Divergence,Relative_Divergence,Delta_Previous_Relative_Divergence,Max_Divergence,Expected_Return
2015-01-02,0.0,0.0,0.0,100.0,0.0,0.0,0.0
2015-02-02,4.93,-0.35,5.28,96.37,-3.63,7.25,0.26
2015-03-03,17.56,4.16,13.4,98.56,2.19,14.28,0.21
2015-03-31,25.64,1.77,23.87,100.0,1.44,23.87,0.0
2015-04-29,22.71,3.8,18.91,90.81,-9.19,25.58,2.35
2015-05-28,31.38,4.7,26.68,100.0,9.19,26.68,0.0
2015-06-25,63.72,3.4,60.32,100.0,0.0,60.32,0.0
2015-07-24,40.06,2.43,37.63,78.86,-21.14,60.32,12.75
2015-08-21,36.81,-2.77,39.58,80.67,1.81,60.32,11.66
2015-09-21,35.89,-3.24,39.13,80.26,-0.41,60.32,11.91
2015-10-19,35.42,0.19,35.23,76.62,-3.64,60.32,14.1
2015-11-16,27.15,1.28,25.87,67.9,-8.72,60.32,19.36
2015-12-15,33.66,0.99,32.67,74.24,6.34,60.32,15.54
2016-01-14,31.51,-5.5,37.01,78.28,4.04,60.32,13.1
2016-02-12,23.3,-8.03,31.33,72.99,-5.29,60.32,16.29
2016-03-14,37.17,-0.19,37.36,78.61,5.62,60.32,12.9
2016-04-12,27.95,1.51,26.44,68.43,-10.18,60.32,19.04
2016-05-10,25.14,2.72,22.42,64.69,-3.74,60.32,21.3
2016-06-08,23.18,4.64,18.54,61.07,-3.62,60.32,23.48
2016-07-07,19.1,3.22,15.88,58.59,-2.48,60.32,24.98
2016-08-04,20.14,6.55,13.59,56.46,-2.13,60.32,26.26
2016-09-01,19.37,6.98,12.39,55.34,-1.12,60.32,26.94
2016-09-30,21.87,6.55,15.32,58.07,2.73,60.32,25.29
2016-10-28,13.58,4.59,8.99,52.17,-5.9,60.32,28.85
2016-11-28,27.63,8.53,19.1,61.59,9.42,60.32,23.17
2016-12-27,29.86,11.22,18.64,61.16,-0.43,60.32,23.43
2017-01-26,36.52,12.65,23.87,66.04,4.88,60.32,20.48
2017-02-24,36.44,16.21,20.23,62.64,-3.4,60.32,22.54
2017-03-24,34.99,14.65,20.34,62.75,0.11,60.32,22.47
2017-04-24,44.06,16.11,27.95,69.84,7.09,60.32,18.19
2017-05-22,46.83,17.16,29.67,71.44,1.6,60.32,17.23
2017-06-20,55.84,19.3,36.54,77.84,6.4,60.32,13.37
2017-07-19,59.75,20.55,39.2,80.32,2.48,60.32,11.87
2017-08-16,64.37,20.37,44.0,84.79,4.47,60.32,9.17
2017-09-14,68.75,21.78,46.97,87.56,2.77,60.32,7.5
2017-10-12,69.79,23.78,46.01,86.67,-0.89,60.32,8.04
2017-11-09,78.78,25.33,53.45,93.54,6.87,60.39,3.9
2017-12-08,89.39,28.66,60.73,97.89,4.35,63.05,1.33
2018-01-09,86.87,32.87,54.0,91.78,-6.11,63.05,5.18
2018-02-07,75.12,29.27,45.85,83.15,-8.63,64.67,10.9
2018-03-08,53.65,32.18,21.47,61.31,-21.84,64.67,25.02
2018-04-06,49.56,25.03,24.53,64.05,2.74,64.67,23.25
2018-05-04,52.17,27.87,24.3,63.85,-0.2,64.67,23.38
2018-06-04,51.65,31.88,19.77,59.79,-4.06,64.67,26.0
2018-07-02,49.55,30.25,19.3,59.37,-0.42,64.67,26.28
2018-07-31,58.73,34.73,24.0,63.58,4.21,64.67,23.55
2018-08-28,65.83,38.61,27.22,66.46,2.88,64.67,21.69
2018-09-26,78.11,38.34,39.77,77.7,11.24,64.67,14.42
2018-10-24,77.1,26.38,50.72,87.51,9.81,64.67,8.08
2018-11-21,83.34,26.07,57.27,93.37,5.86,64.67,4.29
2018-12-21,57.99,14.29,43.7,81.22,-12.15,64.67,12.15
2019-01-23,71.15,24.93,46.22,83.48,2.26,64.67,10.68
2019-02-21,66.31,31.47,34.84,73.29,-10.19,64.67,17.27
2019-03-21,46.05,34.52,11.53,52.41,-20.88,64.67,30.78
2019-04-18,28.62,36.81,-8.19,34.75,-17.66,64.67,42.2
2019-05-17,33.44,34.65,-1.21,41.0,6.25,64.67,38.16
2019-06-17,36.89,36.1,0.79,42.8,1.8,64.67,36.99
2019-07-16,54.54,40.67,13.87,54.51,11.71,64.67,29.42
2019-08-13,45.26,37.04,8.22,49.45,-5.06,64.67,32.69
2019-09-11,38.54,40.46,-1.92,40.37,-9.08,64.67,38.56
2019-10-09,27.83,35.98,-8.15,34.79,-5.58,64.67,42.17
2019-11-06,56.14,43.13,13.01,53.74,18.95,64.67,29.92
2019-12-05,66.34,45.14,21.2,61.07,7.33,64.67,25.18
2020-01-06,75.5,50.24,25.26,64.71,3.64,64.67,22.82
2020-02-04,66.57,52.49,14.08,54.7,-10.01,64.67,29.3
2020-03-04,76.85,44.68,32.17,70.9,16.2,64.67,18.82
2020-04-01,45.79,13.74,32.05,70.79,-0.11,64.67,18.89
2020-04-30,64.92,34.32,30.6,69.49,-1.3,64.67,19.73
2020-05-29,65.85,40.47,25.38,64.82,-4.67,64.67,22.75
2020-06-26,55.16,38.89,16.27,56.66,-8.16,64.67,28.03
2020-07-27,46.82,48.57,-1.75,40.52,-16.14,64.67,38.47
2020-08-24,48.36,57.32,-8.96,34.06,-6.46,64.67,42.64
2020-09-22,34.79,51.8,-17.01,26.86,-7.2,64.67,47.3
2020-10-20,42.34,56.79,-14.45,29.15,2.29,64.67,45.82
2020-11-17,78.34,64.37,13.97,54.6,25.45,64.67,29.36
2020-12-16,67.62,68.34,-0.72,41.44,-13.16,64.67,37.87
2021-01-15,80.84,70.52,10.32,51.33,9.89,64.67,31.47
2021-02-16,67.5,77.66,-10.16,32.99,-18.34,64.67,43.34
2021-03-16,98.65,78.86,19.79,59.81,26.82,64.67,25.99
2021-04-14,104.44,85.35,19.09,59.18,-0.63,64.67,26.4
2021-05-12,111.41,82.17,29.24,68.27,9.09,64.67,20.52
2021-06-10,95.25,89.81,5.44,46.96,-21.31,64.67,34.3
2021-07-09,90.86,94.62,-3.76,38.72,-8.24,64.67,39.63
2021-08-06,69.63,97.23,-27.6,17.37,-21.35,64.67,53.44
2021-09-03,75.39,101.38,-25.99,18.81,1.44,64.67,52.51
2021-10-04,60.92,90.07,-29.15,15.98,-2.83,64.67,54.34
2021-11-01,73.97,103.4,-29.43,15.73,-0.25,64.67,54.5
2021-11-30,54.47,101.47,-47.0,0.0,-15.73,64.67,64.67
2021-12-29,86.08,110.49,-24.41,20.23,20.23,64.67,51.59
2022-01-27,82.23,89.59,-7.36,35.5,15.27,64.67,41.71
2022-02-25,86.11,91.86,-5.75,36.94,1.44,64.67,40.78
2022-03-25,94.2,97.91,-3.71,38.77,1.83,64.67,39.6
2022-04-25,102.26,86.8,15.46,55.93,17.16,64.67,28.5
2022-05-23,108.87,72.64,36.23,74.53,18.6,64.67,16.47
2022-06-22,102.39,63.12,39.27,77.25,2.72,64.67,14.71
2022-07-21,110.07,72.71,37.36,75.54,-1.71,64.67,15.82
2022-08-18,128.78,84.98,43.8,81.31,5.77,64.67,12.09
2022-09-16,127.69,66.91,60.78,96.52,15.21,64.67,2.25
2022-10-14,130.9,53.85,77.05,100.0,3.48,77.05,0.0
2022-11-11,136.83,71.06,65.77,80.26,-19.74,93.51,18.46
2022-12-12,163.66,70.93,92.73,99.44,19.18,93.51,0.52
2023-01-11,139.57,69.09,70.48,81.87,-17.57,96.5,17.5
2023-02-09,125.19,73.66,51.53,68.66,-13.21,96.5,30.24
2023-03-10,112.34,64.3,48.04,66.23,-2.43,96.5,32.59
2023-04-10,102.16,73.97,28.19,52.4,-13.83,96.5,45.93
2023-05-08,102.89,74.9,27.99,52.26,-0.14,96.5,46.07
2023-06-06,101.26,81.01,20.25,46.86,-5.4,96.5,51.28
2023-07-06,112.78,85.42,27.36,51.82,4.96,96.5,46.49
2023-08-03,118.77,88.91,29.86,53.56,1.74,96.5,44.81
2023-08-31,110.11,89.57,20.54,47.07,-6.49,96.5,51.08
2023-09-29,117.01,79.47,37.54,58.91,11.84,96.5,39.65
2023-10-27,129.43,72.07,57.36,72.72,13.81,96.5,26.33
2023-11-27,115.98,90.05,25.93,50.82,-21.9,96.5,47.46
2023-12-26,125.89,98.44,27.45,51.88,1.06,96.5,46.44
2024-01-25,124.11,103.14,20.97,47.37,-4.51,96.5,50.79
2024-02-23,157.67,110.9,46.77,65.34,17.97,96.5,33.45
2024-03-22,162.56,115.96,46.6,65.23,-0.11,96.5,33.55
2024-04-22,162.82,106.36,56.46,72.1,6.87,96.5,26.92
2024-05-20,147.36,118.46,28.9,52.89,-19.21,96.5,45.46
2024-06-18,147.72,125.56,22.16,48.2,-4.69,96.5,49.99
2024-07-18,151.26,126.6,24.66,49.94,1.74,96.5,48.31
2024-08-15,147.76,126.23,21.53,47.76,-2.18,96.5,50.41
2024-09-13,167.6,129.28,38.32,59.46,11.7,96.5,39.12
2024-09-19,160.48,133.16,27.32,51.79,3.25,96.5,46.52
