Date,rate_NOW_5D,rate_VOO_20D,Divergence,Relative_Divergence,Delta_Previous_Relative_Divergence,Max_Divergence,Expected_Return
2015-01-02,0.0,0.0,0.0,100.0,0.0,0.0,0.0
2015-02-02,8.01,-0.35,8.36,95.98,-4.02,9.63,0.39
2015-03-03,11.5,4.16,7.34,83.05,-12.93,13.33,2.26
2015-03-31,16.42,1.77,14.65,97.55,14.5,15.57,0.38
2015-04-29,14.36,3.8,10.56,80.24,-17.31,18.58,3.67
2015-05-28,15.64,4.7,10.94,81.17,0.93,18.58,3.5
2015-06-25,16.28,3.4,12.88,85.95,4.78,18.58,2.61
2015-07-24,17.24,2.43,14.81,90.71,4.76,18.58,1.73
2015-08-21,2.79,-2.77,5.56,67.92,-22.79,18.58,5.96
2015-09-21,9.38,-3.24,12.62,85.31,17.39,18.58,2.73
2015-10-19,11.33,0.19,11.14,81.67,-3.64,18.58,3.41
2015-11-16,23.74,1.28,22.46,98.78,17.11,23.01,0.28
2015-12-15,25.29,0.99,24.3,91.68,-7.1,28.5,2.37
2016-01-14,14.29,-5.5,19.79,82.75,-8.93,28.5,4.92
2016-02-12,-27.1,-8.03,-19.07,5.8,-76.95,28.5,26.85
2016-03-14,-12.08,-0.19,-11.89,20.02,14.22,28.5,22.79
2016-04-12,-12.72,1.51,-14.23,15.39,-4.63,28.5,24.11
2016-05-10,-4.44,2.72,-7.16,29.39,14.0,28.5,20.12
2016-06-08,5.92,4.64,1.28,46.1,16.71,28.5,15.36
2016-07-07,-8.71,3.22,-11.93,19.94,-26.16,28.5,22.82
2016-08-04,3.41,6.55,-3.14,37.35,17.41,28.5,17.86
2016-09-01,2.24,6.98,-4.74,34.18,-3.17,28.5,18.76
2016-09-30,8.54,6.55,1.99,47.5,13.32,28.5,14.96
2016-10-28,17.0,4.59,12.41,68.14,20.64,28.5,9.08
2016-11-28,15.26,8.53,6.73,56.89,-11.25,28.5,12.29
2016-12-27,5.48,11.22,-5.74,32.2,-24.69,28.5,19.32
2017-01-26,20.87,12.65,8.22,59.84,27.64,28.5,11.45
2017-02-24,23.57,16.21,7.36,58.14,-1.7,28.5,11.93
2017-03-24,14.83,14.65,0.18,43.92,-14.22,28.5,15.98
2017-04-24,20.34,16.11,4.23,51.94,8.02,28.5,13.7
2017-05-22,35.15,17.16,17.99,79.19,27.25,28.5,5.93
2017-06-20,36.43,19.3,17.13,77.49,-1.7,28.5,6.42
2017-07-19,44.8,20.55,24.25,91.58,14.09,28.5,2.4
2017-08-16,43.71,20.37,23.34,89.78,-1.8,28.5,2.91
2017-09-14,51.17,21.78,29.39,93.1,3.32,33.2,2.29
2017-10-12,58.05,23.78,34.27,100.0,6.9,34.27,0.0
2017-11-09,61.93,25.33,36.6,96.25,-3.75,38.88,1.46
2017-12-08,57.0,28.66,28.34,82.32,-13.93,39.15,6.92
2018-01-09,72.91,32.87,40.04,99.84,17.52,40.14,0.06
2018-02-07,93.52,29.27,64.25,100.0,0.16,64.25,0.0
2018-03-08,116.44,32.18,84.26,99.35,-0.65,84.95,0.55
2018-04-06,103.7,25.03,78.67,92.52,-6.83,86.81,6.49
2018-05-04,112.76,27.87,84.89,97.68,5.16,87.43,2.03
2018-06-04,126.41,31.88,94.53,100.0,2.32,94.53,0.0
2018-07-02,118.61,30.25,88.36,92.43,-7.57,97.4,7.37
2018-07-31,116.67,34.73,81.94,81.91,-10.52,104.89,18.97
2018-08-28,137.28,38.61,98.67,95.1,13.19,104.89,5.14
2018-09-26,138.02,38.34,99.68,92.48,-2.62,109.57,8.24
2018-10-24,107.43,26.38,81.05,78.32,-14.16,109.57,23.75
2018-11-21,93.84,26.07,67.77,68.23,-10.09,109.57,34.81
2018-12-21,96.4,14.29,82.11,79.13,10.9,109.57,22.87
2019-01-23,120.95,24.93,96.02,89.7,10.57,109.57,11.29
2019-02-21,172.77,31.47,141.3,95.95,6.25,148.2,6.0
2019-03-21,195.48,34.52,160.96,100.0,4.05,160.96,0.0
2019-04-18,178.82,36.81,142.01,89.64,-10.36,160.96,16.68
2019-05-17,217.81,34.65,183.16,97.71,8.07,187.96,4.3
2019-06-17,218.2,36.1,182.1,97.21,-0.5,187.96,5.24
2019-07-16,240.23,40.67,199.56,96.56,-0.65,207.46,7.14
2019-08-13,201.58,37.04,164.54,81.3,-15.26,207.46,38.8
2019-09-11,190.82,40.46,150.36,75.12,-6.18,207.46,51.62
2019-10-09,198.85,35.98,162.87,80.57,5.45,207.46,40.31
2019-11-06,174.85,43.13,131.72,66.99,-13.58,207.46,68.48
2019-12-05,208.56,45.14,163.42,80.81,13.82,207.46,39.81
2020-01-06,228.79,50.24,178.55,87.4,6.59,207.46,26.14
2020-02-04,291.65,52.49,239.16,100.0,12.6,239.16,0.0
2020-03-04,282.34,44.68,237.66,98.51,-1.49,241.58,3.6
2020-04-01,203.11,13.74,189.37,80.19,-18.32,241.58,47.86
2020-04-30,287.79,34.32,253.47,100.0,19.81,253.47,0.0
2020-05-29,325.15,40.47,284.68,98.13,-1.87,290.51,5.43
2020-06-26,336.06,38.89,297.17,100.0,1.87,297.17,0.0
2020-07-27,370.03,48.57,321.46,95.56,-4.44,337.4,14.98
2020-08-24,382.96,57.32,325.64,96.73,1.17,337.4,11.03
2020-09-22,404.33,51.8,352.53,95.24,-1.49,371.26,17.67
2020-10-20,451.88,56.79,395.09,98.76,3.52,400.31,4.96
2020-11-17,443.95,64.37,379.58,93.52,-5.24,407.4,26.4
2020-12-16,474.49,68.34,406.15,99.71,6.19,407.4,1.18
2021-01-15,439.46,70.52,368.94,87.04,-12.67,427.14,55.36
2021-02-16,510.96,77.66,433.3,97.91,10.87,443.03,9.26
2021-03-16,419.21,78.86,340.35,77.92,-19.99,443.03,97.82
2021-04-14,463.57,85.35,378.22,86.06,8.14,443.03,61.76
2021-05-12,379.67,82.17,297.5,68.71,-17.35,443.03,138.62
2021-06-10,402.22,89.81,312.41,71.91,3.2,443.03,124.45
2021-07-09,477.61,94.62,382.99,87.09,15.18,443.03,57.2
2021-08-06,499.28,97.23,402.05,91.19,4.1,443.03,39.03
2021-09-03,584.11,101.38,482.73,100.0,8.81,482.73,0.0
2021-10-04,520.77,90.07,430.7,89.69,-10.31,482.73,49.77
2021-11-01,581.08,103.4,477.68,96.39,6.7,496.38,17.92
2021-11-30,547.22,101.47,445.75,90.23,-6.16,496.38,48.5
2021-12-29,551.05,110.49,440.56,89.23,-1.0,496.38,53.46
2022-01-27,424.92,89.59,335.33,68.93,-20.3,496.38,154.23
2022-02-25,472.79,91.86,380.93,77.73,8.8,496.38,110.54
2022-03-25,452.46,97.91,354.55,72.64,-5.09,496.38,135.81
2022-04-25,363.54,86.8,276.74,57.63,-15.01,496.38,210.32
2022-05-23,321.06,72.64,248.42,52.17,-5.46,496.38,237.42
2022-06-22,346.63,63.12,283.51,58.94,6.77,496.38,203.81
2022-07-21,346.35,72.71,273.64,57.03,-1.91,496.38,213.29
2022-08-18,372.39,84.98,287.41,59.69,2.66,496.38,200.09
2022-09-16,310.15,66.91,243.24,51.17,-8.52,496.38,242.38
2022-10-14,252.15,53.85,198.3,42.5,-8.67,496.38,285.42
2022-11-11,285.01,71.06,213.95,45.52,3.02,496.38,270.43
2022-12-12,279.4,70.93,208.47,44.46,-1.06,496.38,275.69
2023-01-11,274.06,69.09,204.97,43.78,-0.68,496.38,279.06
2023-02-09,306.9,73.66,233.24,49.24,5.46,496.38,251.96
2023-03-10,272.3,64.3,208.0,44.37,-4.87,496.38,276.14
2023-04-10,310.24,73.97,236.27,49.82,5.45,496.38,249.08
2023-05-08,285.79,74.9,210.89,44.93,-4.89,496.38,273.36
2023-06-06,363.6,81.01,282.59,58.76,13.83,496.38,204.71
2023-07-06,361.83,85.42,276.41,57.57,-1.19,496.38,210.61
2023-08-03,363.11,88.91,274.2,57.14,-0.43,496.38,212.75
2023-08-31,382.28,89.57,292.71,60.71,3.57,496.38,195.03
2023-09-29,360.34,79.47,280.87,58.43,-2.28,496.38,206.35
2023-10-27,355.29,72.07,283.22,58.88,0.45,496.38,204.11
2023-11-27,431.24,90.05,341.19,70.06,11.18,496.38,148.62
2023-12-26,449.54,98.44,351.1,71.97,1.91,496.38,139.14
2024-01-25,490.72,103.14,387.58,79.01,7.04,496.38,104.19
2024-02-23,491.19,110.9,380.29,77.61,-1.4,496.38,111.14
2024-03-22,490.95,115.96,374.99,76.58,-1.03,496.38,116.25
2024-04-22,454.49,106.36,348.13,71.4,-5.18,496.38,141.96
2024-05-20,486.42,118.46,367.96,75.23,3.83,496.38,122.95
2024-06-18,455.63,125.56,330.07,67.92,-7.31,496.38,159.24
2024-07-18,459.04,126.6,332.44,68.37,0.45,496.38,157.0
2024-08-15,517.05,126.23,390.82,79.64,11.27,496.38,101.06
2024-09-13,544.74,129.28,415.46,84.39,4.75,496.38,77.48
2024-09-18,552.64,128.99,423.65,85.97,6.02,496.38,69.64
