Date,rate_PG_5D,rate_VOO_20D,Divergence,Relative_Divergence,Delta_Previous_Relative_Divergence,Max_Divergence,Expected_Return
2015-01-02,0.0,0.0,0.0,100.0,0.0,0.0,0.0
2015-02-02,-5.55,-0.35,-5.2,89.9,-10.1,1.35,0.14
2015-03-03,-5.49,4.16,-9.65,83.03,-6.87,1.35,0.23
2015-03-31,-9.06,1.77,-10.83,81.21,-1.82,1.35,0.25
2015-04-29,-11.31,3.8,-15.11,74.61,-6.6,1.35,0.34
2015-05-28,-11.79,4.7,-16.49,72.48,-2.13,1.35,0.37
2015-06-25,-11.61,3.4,-15.01,74.76,2.28,1.35,0.34
2015-07-24,-10.51,2.43,-12.94,77.95,3.19,1.35,0.3
2015-08-21,-19.79,-2.77,-17.02,71.66,-6.29,1.35,0.38
2015-09-21,-20.92,-3.24,-17.68,70.64,-1.02,1.35,0.4
2015-10-19,-15.69,0.19,-15.88,73.42,2.78,1.35,0.36
2015-11-16,-15.42,1.28,-16.7,72.15,-1.27,1.35,0.38
2015-12-15,-10.37,0.99,-11.36,80.39,8.24,1.35,0.26
2016-01-14,-14.24,-5.5,-8.74,84.43,4.04,1.35,0.21
2016-02-12,-8.72,-8.03,-0.69,96.2,11.77,1.79,0.07
2016-03-14,-8.45,-0.19,-8.26,84.6,-11.6,1.79,0.28
2016-04-12,-6.53,1.51,-8.04,84.94,0.34,1.79,0.27
2016-05-10,-6.86,2.72,-9.58,82.58,-2.36,1.79,0.31
2016-06-08,-6.61,4.64,-11.25,80.02,-2.56,1.79,0.36
2016-07-07,-4.12,3.22,-7.34,86.01,5.99,1.79,0.25
2016-08-04,-2.72,6.55,-9.27,83.05,-2.96,1.79,0.3
2016-09-01,-0.17,6.98,-7.15,86.3,3.25,1.79,0.25
2016-09-30,1.46,6.55,-5.09,89.46,3.16,1.79,0.19
2016-10-28,-1.84,4.59,-6.43,87.4,-2.06,1.79,0.23
2016-11-28,-6.09,8.53,-14.62,74.85,-12.55,1.79,0.45
2016-12-27,-4.3,11.22,-15.52,73.48,-1.37,1.79,0.47
2017-01-26,-2.01,12.65,-14.66,74.79,1.31,1.79,0.45
2017-02-24,3.03,16.21,-13.18,77.06,2.27,1.79,0.41
2017-03-24,2.46,14.65,-12.19,78.58,1.52,1.79,0.38
2017-04-24,1.29,16.11,-14.82,74.55,-4.03,1.79,0.46
2017-05-22,-2.48,17.16,-19.64,67.16,-7.39,1.79,0.59
2017-06-20,1.39,19.3,-17.91,69.81,2.65,1.79,0.54
2017-07-19,-0.06,20.55,-20.61,65.68,-4.13,1.79,0.61
2017-08-16,4.54,20.37,-15.83,73.0,7.32,1.79,0.48
2017-09-14,5.75,21.78,-16.03,72.69,-0.31,1.79,0.49
2017-10-12,4.14,23.78,-19.64,67.16,-5.53,1.79,0.59
2017-11-09,-0.79,25.33,-26.12,57.23,-9.93,1.79,0.77
2017-12-08,2.12,28.66,-26.54,56.59,-0.64,1.79,0.78
2018-01-09,2.86,32.87,-30.01,51.27,-5.32,1.79,0.87
2018-02-07,-7.51,29.27,-36.78,40.9,-10.37,1.79,1.06
2018-03-08,-9.55,32.18,-41.73,33.31,-7.59,1.79,1.19
2018-04-06,-11.21,25.03,-36.24,41.73,8.42,1.79,1.04
2018-05-04,-17.87,27.87,-45.74,27.17,-14.56,1.79,1.3
2018-06-04,-15.78,31.88,-47.66,24.23,-2.94,1.79,1.36
2018-07-02,-11.22,30.25,-41.47,33.71,9.48,1.79,1.19
2018-07-31,-8.1,34.73,-42.83,31.63,-2.08,1.79,1.22
2018-08-28,-5.09,38.61,-43.7,30.29,-1.34,1.79,1.25
2018-09-26,-5.31,38.34,-43.65,30.37,0.08,1.79,1.25
2018-10-24,1.78,26.38,-24.6,59.56,29.19,1.79,0.72
2018-11-21,3.98,26.07,-22.09,63.41,3.85,1.79,0.65
2018-12-21,3.43,14.29,-10.86,80.62,17.21,1.79,0.35
2019-01-23,7.8,24.93,-17.13,71.01,-9.61,1.79,0.52
2019-02-21,13.34,31.47,-18.13,69.48,-1.53,1.79,0.55
2019-03-21,16.33,34.52,-18.19,69.38,-0.1,1.79,0.55
2019-04-18,20.25,36.81,-16.56,71.88,2.5,1.79,0.5
2019-05-17,21.7,34.65,-12.95,77.41,5.53,1.79,0.4
2019-06-17,25.58,36.1,-10.52,81.14,3.73,1.79,0.34
2019-07-16,30.94,40.67,-9.73,82.35,1.21,1.79,0.32
2019-08-13,32.27,37.04,-4.77,89.95,7.6,1.79,0.18
2019-09-11,36.57,40.46,-3.89,91.3,1.35,1.79,0.16
2019-10-09,37.12,35.98,1.14,98.21,6.91,2.32,0.04
2019-11-06,35.02,43.13,-8.11,84.15,-14.06,2.32,0.37
2019-12-05,39.6,45.14,-5.54,88.05,3.9,2.32,0.28
2020-01-06,37.27,50.24,-12.97,76.76,-11.29,2.32,0.54
2020-02-04,40.27,52.49,-12.22,77.9,1.14,2.32,0.51
2020-03-04,38.76,44.68,-5.92,87.48,9.58,2.32,0.29
2020-04-01,21.72,13.74,7.98,85.5,-1.98,20.1,2.91
2020-04-30,31.21,34.32,-3.11,72.23,-13.27,20.1,5.58
2020-05-29,28.86,40.47,-11.61,62.06,-10.17,20.1,7.63
2020-06-26,27.91,38.89,-10.98,62.81,0.75,20.1,7.48
2020-07-27,40.0,48.57,-8.57,65.69,2.88,20.1,6.9
2020-08-24,53.22,57.32,-4.1,71.04,5.35,20.1,5.82
2020-09-22,52.29,51.8,0.49,76.53,5.49,20.1,4.72
2020-10-20,56.95,56.79,0.16,76.14,-0.39,20.1,4.8
2020-11-17,55.97,64.37,-8.4,65.9,-10.24,20.1,6.85
2020-12-16,50.6,68.34,-17.74,54.72,-11.18,20.1,9.1
2021-01-15,47.57,70.52,-22.95,48.49,-6.23,20.1,10.35
2021-02-16,39.82,77.66,-37.84,30.67,-17.82,20.1,13.94
2021-03-16,40.72,78.86,-38.14,30.31,-0.36,20.1,14.01
2021-04-14,47.72,85.35,-37.63,30.92,0.61,20.1,13.89
2021-05-12,47.38,82.17,-34.79,34.32,3.4,20.1,13.2
2021-06-10,47.39,89.81,-42.42,25.19,-9.13,20.1,15.04
2021-07-09,48.47,94.62,-46.15,20.73,-4.46,20.1,15.93
2021-08-06,52.91,97.23,-44.32,22.91,2.18,20.1,15.5
2021-09-03,55.46,101.38,-45.92,21.0,-1.91,20.1,15.88
2021-10-04,49.5,90.07,-40.57,27.4,6.4,20.1,14.59
2021-11-01,53.35,103.4,-50.05,16.06,-11.34,20.1,16.87
2021-11-30,55.43,101.47,-46.04,20.86,4.8,20.1,15.91
2021-12-29,76.15,110.49,-34.34,34.86,14.0,20.1,13.09
2022-01-27,70.33,89.59,-19.26,52.9,18.04,20.1,9.47
2022-02-25,68.99,91.86,-22.87,48.58,-4.32,20.1,10.34
2022-03-25,62.87,97.91,-35.04,34.02,-14.56,20.1,13.26
2022-04-25,72.86,86.8,-13.94,59.27,25.25,20.1,8.19
2022-05-23,53.92,72.64,-18.72,53.55,-5.72,20.1,9.34
2022-06-22,46.7,63.12,-16.42,56.3,2.75,20.1,8.78
2022-07-21,48.82,72.71,-23.89,47.36,-8.94,20.1,10.58
2022-08-18,58.05,84.98,-26.93,43.72,-3.64,20.1,11.31
2022-09-16,45.69,66.91,-21.22,50.56,6.84,20.1,9.94
2022-10-14,31.6,53.85,-22.25,49.32,-1.24,20.1,10.19
2022-11-11,48.09,71.06,-22.97,48.46,-0.86,20.1,10.36
2022-12-12,59.87,70.93,-11.06,62.71,14.25,20.1,7.5
2023-01-11,57.68,69.09,-11.41,62.3,-0.41,20.1,7.58
2023-02-09,43.19,73.66,-30.47,39.49,-22.81,20.1,12.16
2023-03-10,43.11,64.3,-21.19,50.59,11.1,20.1,9.93
2023-04-10,57.19,73.97,-16.78,55.87,5.28,20.1,8.87
2023-05-08,61.39,74.9,-13.51,59.78,3.91,20.1,8.08
2023-06-06,49.91,81.01,-31.1,38.73,-21.05,20.1,12.32
2023-07-06,57.4,85.42,-28.02,42.42,3.69,20.1,11.57
2023-08-03,62.28,88.91,-26.63,44.08,1.66,20.1,11.24
2023-08-31,59.53,89.57,-30.04,40.0,-4.08,20.1,12.06
2023-09-29,50.49,79.47,-28.98,41.27,1.27,20.1,11.8
2023-10-27,51.59,72.07,-20.48,51.44,10.17,20.1,9.76
2023-11-27,55.52,90.05,-34.53,34.63,-16.81,20.1,13.14
2023-12-26,49.81,98.44,-48.63,17.76,-16.87,20.1,16.53
2024-01-25,59.48,103.14,-43.66,23.7,5.94,20.1,15.34
2024-02-23,64.72,110.9,-46.18,20.69,-3.01,20.1,15.94
2024-03-22,65.06,115.96,-50.9,15.04,-5.65,20.1,17.08
2024-04-22,63.62,106.36,-42.74,24.81,9.77,20.1,15.11
2024-05-20,70.19,118.46,-48.27,18.19,-6.62,20.1,16.44
2024-06-18,71.14,125.56,-54.42,10.83,-7.36,20.1,17.92
2024-07-18,70.7,126.6,-55.9,9.06,-1.77,20.1,18.28
2024-08-15,69.84,126.23,-56.39,8.47,-0.59,20.1,18.4
2024-09-13,75.72,129.28,-53.56,11.86,3.39,20.1,17.72
2024-09-19,72.56,133.16,-60.6,3.43,-4.07,20.1,19.41
