Date,rate_FMC_5D,rate_VOO_20D,Divergence,Relative_Divergence,Delta_Previous_Relative_Divergence,Max_Divergence,Expected_Return
2015-01-02,0.0,0.0,0.0,100.0,0.0,0.0,0.0
2015-02-02,2.27,-0.35,2.62,98.17,-1.83,5.14,0.09
2015-03-03,12.96,4.16,8.8,99.05,0.88,10.15,0.1
2015-03-31,1.05,1.77,-0.72,92.37,-6.68,10.15,0.77
2015-04-29,5.77,3.8,1.97,94.25,1.88,10.15,0.58
2015-05-28,2.16,4.7,-2.54,91.09,-3.16,10.15,0.9
2015-06-25,-6.15,3.4,-9.55,86.16,-4.93,10.15,1.4
2015-07-24,-15.58,2.43,-18.01,80.22,-5.94,10.15,2.01
2015-08-21,-21.07,-2.77,-18.3,80.02,-0.2,10.15,2.03
2015-09-21,-33.47,-3.24,-30.23,71.64,-8.38,10.15,2.88
2015-10-19,-33.73,0.19,-33.92,69.05,-2.59,10.15,3.14
2015-11-16,-29.48,1.28,-30.76,71.27,2.22,10.15,2.92
2015-12-15,-32.88,0.99,-33.87,69.08,-2.19,10.15,3.14
2016-01-14,-35.08,-5.5,-29.58,72.1,3.02,10.15,2.83
2016-02-12,-35.01,-8.03,-26.98,73.92,1.82,10.15,2.65
2016-03-14,-30.73,-0.19,-30.54,71.42,-2.5,10.15,2.9
2016-04-12,-32.16,1.51,-33.67,69.22,-2.2,10.15,3.12
2016-05-10,-23.24,2.72,-25.96,74.64,5.42,10.15,2.57
2016-06-08,-18.93,4.64,-23.57,76.32,1.68,10.15,2.4
2016-07-07,-25.79,3.22,-29.01,72.5,-3.82,10.15,2.79
2016-08-04,-21.08,6.55,-27.63,73.47,0.97,10.15,2.69
2016-09-01,-23.03,6.98,-30.01,71.79,-1.68,10.15,2.86
2016-09-30,-20.95,6.55,-27.5,73.56,1.77,10.15,2.68
2016-10-28,-22.29,4.59,-26.88,73.99,0.43,10.15,2.64
2016-11-28,-11.86,8.53,-20.39,78.55,4.56,10.15,2.18
2016-12-27,-8.97,11.22,-20.19,78.69,0.14,10.15,2.16
2017-01-26,-2.67,12.65,-15.32,82.11,3.42,10.15,1.82
2017-02-24,-7.84,16.21,-24.05,75.98,-6.13,10.15,2.44
2017-03-24,-3.87,14.65,-18.52,79.86,3.88,10.15,2.04
2017-04-24,12.3,16.11,-3.81,90.2,10.34,10.15,0.99
2017-05-22,13.43,17.16,-3.73,90.25,0.05,10.15,0.99
2017-06-20,14.92,19.3,-4.38,89.79,-0.46,10.15,1.04
2017-07-19,15.28,20.55,-5.27,89.17,-0.62,10.15,1.1
2017-08-16,26.25,20.37,5.88,97.0,7.83,10.15,0.3
2017-09-14,32.61,21.78,10.83,100.0,3.0,10.83,0.0
2017-10-12,36.42,23.78,12.64,99.31,-0.69,13.64,0.09
2017-11-09,35.16,25.33,9.83,96.49,-2.82,15.0,0.53
2017-12-08,30.56,28.66,1.9,91.1,-5.39,15.0,1.34
2018-01-09,42.32,32.87,9.45,96.23,5.13,15.0,0.57
2018-02-07,23.82,29.27,-5.45,86.11,-10.12,15.0,2.08
2018-03-08,21.46,32.18,-10.72,82.53,-3.58,15.0,2.62
2018-04-06,16.04,25.03,-8.99,83.71,1.18,15.0,2.44
2018-05-04,27.9,27.87,0.03,89.83,6.12,15.0,1.53
2018-06-04,27.82,31.88,-4.06,87.05,-2.78,15.0,1.94
2018-07-02,28.22,30.25,-2.03,88.43,1.38,15.0,1.74
2018-07-31,30.65,34.73,-4.08,87.04,-1.39,15.0,1.94
2018-08-28,25.93,38.61,-12.68,81.2,-5.84,15.0,2.82
2018-09-26,29.12,38.34,-9.22,83.55,2.35,15.0,2.47
2018-10-24,11.22,26.38,-15.16,79.52,-4.03,15.0,3.07
2018-11-21,16.56,26.07,-9.51,83.35,3.83,15.0,2.5
2018-12-21,5.37,14.29,-8.92,83.75,0.4,15.0,2.44
2019-01-23,14.57,24.93,-10.36,82.78,-0.97,15.0,2.58
2019-02-21,27.39,31.47,-4.08,87.04,4.26,15.0,1.94
2019-03-21,28.84,34.52,-5.68,85.95,-1.09,15.0,2.11
2019-04-18,32.09,36.81,-4.72,86.61,0.66,15.0,2.01
2019-05-17,24.94,34.65,-9.71,83.22,-3.39,15.0,2.52
2019-06-17,31.19,36.1,-4.91,86.48,3.26,15.0,2.03
2019-07-16,38.14,40.67,-2.53,88.09,1.61,15.0,1.79
2019-08-13,40.82,37.04,3.78,92.38,4.29,15.0,1.14
2019-09-11,44.1,40.46,3.64,92.28,-0.1,15.0,1.16
2019-10-09,30.07,35.98,-5.91,85.8,-6.48,15.0,2.13
2019-11-06,56.21,43.13,13.08,98.7,12.9,15.0,0.19
2019-12-05,56.54,45.14,11.4,97.55,-1.15,15.0,0.37
2020-01-06,56.72,50.24,6.48,94.21,-3.34,15.0,0.87
2020-02-04,57.27,52.49,4.78,93.06,-1.15,15.0,1.04
2020-03-04,57.46,44.68,12.78,98.13,5.07,15.55,0.29
2020-04-01,24.77,13.74,11.03,96.39,-1.74,16.39,0.59
2020-04-30,46.48,34.32,12.16,97.15,0.76,16.39,0.47
2020-05-29,55.65,40.47,15.18,99.0,1.85,16.67,0.17
2020-06-26,52.62,38.89,13.73,97.85,-1.15,16.93,0.36
2020-07-27,69.47,48.57,20.9,100.0,2.15,20.9,0.0
2020-08-24,69.51,57.32,12.19,94.31,-5.69,20.9,1.19
2020-09-22,67.34,51.8,15.54,96.28,1.97,21.25,0.79
2020-10-20,66.4,56.79,9.61,92.42,-3.86,21.25,1.61
2020-11-17,78.25,64.37,13.88,95.2,2.78,21.25,1.02
2020-12-16,75.89,68.34,7.55,91.07,-4.13,21.25,1.9
2021-01-15,83.54,70.52,13.02,94.64,3.57,21.25,1.14
2021-02-16,66.98,77.66,-10.68,79.2,-15.44,21.25,4.42
2021-03-16,66.57,78.86,-12.29,78.15,-1.05,21.25,4.64
2021-04-14,69.71,85.35,-15.64,75.96,-2.19,21.25,5.11
2021-05-12,74.6,82.17,-7.57,81.22,5.26,21.25,3.99
2021-06-10,79.32,89.81,-10.49,79.32,-1.9,21.25,4.39
2021-07-09,63.51,94.62,-31.11,65.88,-13.44,21.25,7.25
2021-08-06,45.81,97.23,-51.42,52.65,-13.23,21.25,10.06
2021-09-03,45.51,101.38,-55.87,49.75,-2.9,21.25,10.68
2021-10-04,39.11,90.07,-50.96,52.95,3.2,21.25,10.0
2021-11-01,42.5,103.4,-60.9,46.48,-6.47,21.25,11.37
2021-11-30,51.9,101.47,-49.57,53.86,7.38,21.25,9.8
2021-12-29,64.48,110.49,-46.01,56.18,2.32,21.25,9.31
2022-01-27,62.3,89.59,-27.29,68.37,12.19,21.25,6.72
2022-02-25,75.7,91.86,-16.16,75.63,7.26,21.25,5.18
2022-03-25,101.12,97.91,3.21,88.25,12.62,21.25,2.5
2022-04-25,93.8,86.8,7.0,90.72,2.47,21.25,1.97
2022-05-23,82.06,72.64,9.42,92.29,1.57,21.25,1.64
2022-06-22,59.7,63.12,-3.42,83.93,-8.36,21.25,3.41
2022-07-21,56.86,72.71,-15.85,75.83,-8.1,21.25,5.14
2022-08-18,66.33,84.98,-18.65,74.0,-1.83,21.25,5.52
2022-09-16,56.39,66.91,-10.52,79.3,5.3,21.25,4.4
2022-10-14,62.87,53.85,9.02,92.03,12.73,21.25,1.69
2022-11-11,82.63,71.06,11.57,92.98,0.95,22.42,1.57
2022-12-12,83.19,70.93,12.26,93.43,0.45,22.42,1.47
2023-01-11,89.9,69.09,20.81,98.96,5.53,22.42,0.23
2023-02-09,86.16,73.66,12.5,93.59,-5.37,22.42,1.44
2023-03-10,74.15,64.3,9.85,91.87,-1.72,22.42,1.82
2023-04-10,71.75,73.97,-2.22,84.07,-7.8,22.42,3.57
2023-05-08,61.79,74.9,-13.11,77.03,-7.04,22.42,5.15
2023-06-06,59.15,81.01,-21.86,71.37,-5.66,22.42,6.42
2023-07-06,49.66,85.42,-35.76,62.38,-8.99,22.42,8.43
2023-08-03,32.82,88.91,-56.09,49.23,-13.15,22.42,11.38
2023-08-31,26.42,89.57,-63.15,44.67,-4.56,22.42,12.4
2023-09-29,12.11,79.47,-67.36,41.95,-2.72,22.42,13.01
2023-10-27,6.4,72.07,-65.67,43.04,1.09,22.42,12.77
2023-11-27,5.29,90.05,-84.76,30.7,-12.34,22.42,15.54
2023-12-26,8.81,98.44,-89.63,27.55,-3.15,22.42,16.24
2024-01-25,6.83,103.14,-96.31,23.23,-4.32,22.42,17.21
2024-02-23,5.0,110.9,-105.9,17.03,-6.2,22.42,18.6
2024-03-22,5.08,115.96,-110.88,13.81,-3.22,22.42,19.32
2024-04-22,1.16,106.36,-105.2,17.48,3.67,22.42,18.5
2024-05-20,6.49,118.46,-111.97,13.1,-4.38,22.42,19.48
2024-06-18,-1.46,125.56,-127.02,3.37,-9.73,22.42,21.66
2024-07-18,2.78,126.6,-123.82,5.44,2.07,22.42,21.2
2024-08-15,5.08,126.23,-121.15,7.16,1.72,22.42,20.81
2024-09-13,6.14,129.28,-123.14,5.88,-1.28,22.42,21.1
2024-09-20,4.72,132.46,-127.74,2.9,-4.43,22.42,21.77
