Date,rate_LMT_5D,rate_VOO_20D,Divergence,Relative_Divergence,Delta_Previous_Relative_Divergence,Max_Divergence,Expected_Return
2015-01-02,0.0,0.0,0.0,100.0,0.0,0.0,0.0
2015-02-02,-0.72,-0.35,-0.37,94.98,-5.02,2.75,0.14
2015-03-03,4.73,4.16,0.57,94.98,0.0,3.74,0.19
2015-03-31,6.32,1.77,4.55,99.84,4.86,4.65,0.01
2015-04-29,0.17,3.8,-3.63,87.08,-12.76,4.65,0.6
2015-05-28,-0.44,4.7,-5.14,84.72,-2.36,4.65,0.71
2015-06-25,-0.51,3.4,-3.91,86.64,1.92,4.65,0.62
2015-07-24,5.28,2.43,2.85,97.19,10.55,4.65,0.13
2015-08-21,7.1,-2.77,9.87,100.0,2.81,9.87,0.0
2015-09-21,6.87,-3.24,10.11,97.38,-2.62,11.98,0.31
2015-10-19,10.08,0.19,9.89,94.38,-3.0,14.02,0.79
2015-11-16,15.18,1.28,13.9,98.83,4.45,14.77,0.17
2015-12-15,12.01,0.99,11.02,94.61,-4.22,15.03,0.81
2016-01-14,12.72,-5.5,18.22,99.41,4.8,18.68,0.11
2016-02-12,7.25,-8.03,15.28,92.83,-6.58,21.05,1.51
2016-03-14,12.6,-0.19,12.79,89.74,-3.09,21.05,2.16
2016-04-12,17.33,1.51,15.82,93.5,3.76,21.05,1.37
2016-05-10,26.67,2.72,23.95,100.0,6.5,23.95,0.0
2016-06-08,24.4,4.64,19.76,93.63,-6.37,25.15,1.6
2016-07-07,29.01,3.22,25.79,99.53,5.9,26.19,0.12
2016-08-04,32.86,6.55,26.31,98.9,-0.63,27.26,0.3
2016-09-01,25.36,6.98,18.38,87.51,-11.39,29.49,3.68
2016-09-30,23.36,6.55,16.81,85.74,-1.77,29.49,4.21
2016-10-28,27.42,4.59,22.83,92.51,6.77,29.49,2.21
2016-11-28,36.4,8.53,27.87,97.02,4.51,30.55,0.91
2016-12-27,28.39,11.22,17.17,85.13,-11.89,30.55,4.54
2017-01-26,30.25,12.65,17.6,85.61,0.48,30.55,4.4
2017-02-24,35.63,16.21,19.42,87.63,2.02,30.55,3.78
2017-03-24,36.07,14.65,21.42,89.85,2.22,30.55,3.1
2017-04-24,40.24,16.11,24.13,92.87,3.02,30.55,2.18
2017-05-22,40.36,17.16,23.2,91.83,-1.04,30.55,2.5
2017-06-20,43.0,19.3,23.7,92.39,0.56,30.55,2.32
2017-07-19,46.59,20.55,26.04,94.99,2.6,30.55,1.53
2017-08-16,53.84,20.37,33.47,98.83,3.84,34.57,0.4
2017-09-14,51.2,21.78,29.42,93.42,-5.41,35.68,2.35
2017-10-12,60.7,23.78,36.92,100.0,6.58,36.92,0.0
2017-11-09,55.25,25.33,29.92,92.73,-7.27,36.92,2.68
2017-12-08,57.21,28.66,28.55,91.31,-1.42,36.92,3.21
2018-01-09,64.05,32.87,31.18,94.04,2.73,36.92,2.2
2018-02-07,70.92,29.27,41.65,100.0,5.96,41.65,0.0
2018-03-08,68.62,32.18,36.44,90.33,-9.67,46.7,4.52
2018-04-06,64.64,25.03,39.61,93.32,2.99,46.7,3.12
2018-05-04,52.84,27.87,24.97,78.5,-14.82,48.09,10.34
2018-06-04,55.75,31.88,23.87,77.47,-1.03,48.09,10.83
2018-07-02,46.09,30.25,15.84,70.01,-7.46,48.09,14.42
2018-07-31,59.27,34.73,24.54,78.1,8.09,48.09,10.53
2018-08-28,58.0,38.61,19.39,73.31,-4.79,48.09,12.84
2018-09-26,66.61,38.34,28.27,81.57,8.26,48.09,8.86
2018-10-24,50.75,26.38,24.37,77.94,-3.63,48.09,10.61
2018-11-21,42.29,26.07,16.22,70.36,-7.58,48.09,14.25
2018-12-21,23.8,14.29,9.51,64.12,-6.24,48.09,17.25
2019-01-23,36.6,24.93,11.67,66.13,2.01,48.09,16.29
2019-02-21,46.43,31.47,14.96,69.19,3.06,48.09,14.82
2019-03-21,43.47,34.52,8.95,63.6,-5.59,48.09,17.5
2019-04-18,50.48,36.81,13.67,67.99,4.39,48.09,15.39
2019-05-17,61.44,34.65,26.79,80.19,12.2,48.09,9.53
2019-06-17,66.11,36.1,30.01,83.18,2.99,48.09,8.09
2019-07-16,73.57,40.67,32.9,85.87,2.69,48.09,6.8
2019-08-13,78.72,37.04,41.68,94.04,8.17,48.09,2.87
2019-09-11,80.25,40.46,39.79,92.28,-1.76,48.09,3.71
2019-10-09,81.18,35.98,45.2,97.31,5.03,48.09,1.29
2019-11-06,78.41,43.13,35.28,88.09,-9.22,48.09,5.73
2019-12-05,80.79,45.14,35.65,88.43,0.34,48.09,5.56
2020-01-06,92.95,50.24,42.71,95.0,6.57,48.09,2.4
2020-02-04,100.58,52.49,48.09,96.17,1.17,52.37,2.01
2020-03-04,86.68,44.68,42.0,90.72,-5.45,52.37,4.86
2020-04-01,56.84,13.74,43.1,91.71,0.99,52.37,4.34
2020-04-30,80.26,34.32,45.94,93.33,1.62,53.47,3.57
2020-05-29,79.49,40.47,39.02,87.2,-6.13,53.47,6.84
2020-06-26,64.41,38.89,25.52,75.24,-11.96,53.47,13.24
2020-07-27,75.66,48.57,27.09,76.63,1.39,53.47,12.5
2020-08-24,81.15,57.32,23.83,73.75,-2.88,53.47,14.04
2020-09-22,77.64,51.8,25.84,75.53,1.78,53.47,13.08
2020-10-20,69.8,56.79,13.01,64.16,-11.37,53.47,19.16
2020-11-17,71.09,64.37,6.72,58.59,-5.57,53.47,22.14
2020-12-16,61.01,68.34,-7.33,46.15,-12.44,53.47,28.79
2021-01-15,57.36,70.52,-13.16,40.98,-5.17,53.47,31.56
2021-02-16,51.53,77.66,-26.13,29.5,-11.48,53.47,37.7
2021-03-16,56.69,78.86,-22.17,33.0,3.5,53.47,35.82
2021-04-14,75.02,85.35,-10.33,43.49,10.49,53.47,30.22
2021-05-12,70.99,82.17,-11.18,42.74,-0.75,53.47,30.62
2021-06-10,73.76,89.81,-16.05,38.42,-4.32,53.47,32.93
2021-07-09,71.29,94.62,-23.33,31.98,-6.44,53.47,36.37
2021-08-06,61.53,97.23,-35.7,21.02,-10.96,53.47,42.23
2021-09-03,58.5,101.38,-42.88,14.66,-6.36,53.47,45.63
2021-10-04,53.74,90.07,-36.33,20.46,5.8,53.47,42.53
2021-11-01,46.79,103.4,-56.61,2.5,-17.96,53.47,52.13
2021-11-30,47.85,101.47,-53.62,5.15,2.65,53.47,50.72
2021-12-29,56.87,110.49,-53.62,5.15,0.0,53.47,50.72
2022-01-27,71.93,89.59,-17.66,37.0,31.85,53.47,33.69
2022-02-25,80.54,91.86,-11.32,42.61,5.61,53.47,30.69
2022-03-25,99.47,97.91,1.56,54.02,11.41,53.47,24.59
2022-04-25,94.22,86.8,7.42,59.21,5.19,53.47,21.81
2022-05-23,89.42,72.64,16.78,67.5,8.29,53.47,17.38
2022-06-22,81.27,63.12,18.15,68.72,1.22,53.47,16.73
2022-07-21,72.02,72.71,-0.69,52.03,-16.69,53.47,25.65
2022-08-18,90.77,84.98,5.79,57.77,5.74,53.47,22.58
2022-09-16,79.47,66.91,12.56,63.76,5.99,53.47,19.38
2022-10-14,68.32,53.85,14.47,65.46,1.7,53.47,18.47
2022-11-11,99.95,71.06,28.89,78.23,12.77,53.47,11.64
2022-12-12,109.07,70.93,38.14,86.42,8.19,53.47,7.26
2023-01-11,98.53,69.09,29.44,78.72,-7.7,53.47,11.38
2023-02-09,101.06,73.66,27.4,76.91,-1.81,53.47,12.35
2023-03-10,102.85,64.3,38.55,86.78,9.87,53.47,7.07
2023-04-10,111.36,73.97,37.39,85.76,-1.02,53.47,7.61
2023-05-08,91.41,74.9,16.51,67.26,-18.5,53.47,17.51
2023-06-06,94.2,81.01,13.19,64.32,-2.94,53.47,19.08
2023-07-06,95.0,85.42,9.58,61.12,-3.2,53.47,20.79
2023-08-03,88.77,88.91,-0.14,52.52,-8.6,53.47,25.39
2023-08-31,88.95,89.57,-0.62,52.09,-0.43,53.47,25.62
2023-09-29,71.96,79.47,-7.51,45.99,-6.1,53.47,28.88
2023-10-27,86.06,72.07,13.99,65.03,19.04,53.47,18.7
2023-11-27,86.51,90.05,-3.54,49.5,-15.53,53.47,27.0
2023-12-26,88.04,98.44,-10.4,43.43,-6.07,53.47,30.25
2024-01-25,79.64,103.14,-23.5,31.82,-11.61,53.47,36.46
2024-02-23,79.29,110.9,-31.61,24.64,-7.18,53.47,40.29
2024-03-22,85.04,115.96,-30.92,25.25,0.61,53.47,39.97
2024-04-22,91.03,106.36,-15.33,39.06,13.81,53.47,32.58
2024-05-20,92.97,118.46,-25.49,30.06,-9.0,53.47,37.4
2024-06-18,89.62,125.56,-35.94,20.81,-9.25,53.47,42.34
2024-07-18,95.77,126.6,-30.83,25.33,4.52,53.47,39.93
2024-08-15,129.84,126.23,3.61,55.84,30.51,53.47,23.61
2024-09-13,133.16,129.28,3.88,56.08,0.24,53.47,23.48
2024-09-20,133.99,132.53,1.46,53.93,0.36,53.47,24.63
