Date,rate_ADI_5D,rate_VOO_20D,Divergence,Relative_Divergence,Delta_Previous_Relative_Divergence,Max_Divergence,Expected_Return
2015-01-02,0.0,0.0,0.0,100.0,0.0,0.0,0.0
2015-02-02,-3.63,-0.35,-3.28,7.75,-92.25,0.29,0.27
2015-03-03,8.05,4.16,3.89,83.65,75.9,5.35,0.87
2015-03-31,15.88,1.77,14.11,87.97,4.32,16.53,1.99
2015-04-29,15.4,3.8,11.6,75.48,-12.49,16.53,4.05
2015-05-28,25.32,4.7,20.62,100.0,24.52,20.62,0.0
2015-06-25,21.93,3.4,18.53,87.6,-12.4,21.66,2.69
2015-07-24,6.95,2.43,4.52,32.09,-55.51,21.66,14.71
2015-08-21,-1.73,-2.77,1.04,18.3,-13.79,21.66,17.7
2015-09-21,3.48,-3.24,6.72,40.81,22.51,21.66,12.82
2015-10-19,10.01,0.19,9.82,53.09,12.28,21.66,10.16
2015-11-16,6.74,1.28,5.46,35.82,-17.27,21.66,13.9
2015-12-15,3.12,0.99,2.13,22.62,-13.2,21.66,16.76
2016-01-14,-7.89,-5.5,-2.39,4.71,-17.91,21.66,20.64
2016-02-12,-9.42,-8.03,-1.39,8.68,3.97,21.66,19.78
2016-03-14,1.57,-0.19,1.76,21.16,12.48,21.66,17.08
2016-04-12,7.21,1.51,5.7,36.77,15.61,21.66,13.7
2016-05-10,2.26,2.72,-0.46,12.36,-24.41,21.66,18.98
2016-06-08,5.26,4.64,0.62,16.64,4.28,21.66,18.06
2016-07-07,1.91,3.22,-1.31,8.99,-7.65,21.66,19.71
2016-08-04,15.23,6.55,8.68,48.57,39.58,21.66,11.14
2016-09-01,14.6,6.98,7.62,44.37,-4.2,21.66,12.05
2016-09-30,17.12,6.55,10.57,56.06,11.69,21.66,9.52
2016-10-28,15.31,4.59,10.72,56.66,0.6,21.66,9.39
2016-11-28,34.45,8.53,25.92,100.0,43.34,25.92,0.0
2016-12-27,34.49,11.22,23.27,89.5,-10.5,26.42,2.77
2017-01-26,34.03,12.65,21.38,83.2,-6.3,26.42,4.44
2017-02-24,47.22,16.21,31.01,93.84,10.64,33.28,2.05
2017-03-24,46.75,14.65,32.1,94.29,0.45,34.26,1.96
2017-04-24,42.05,16.11,25.94,78.01,-16.28,34.26,7.53
2017-05-22,46.89,17.16,29.73,88.03,10.02,34.26,4.1
2017-06-20,41.38,19.3,22.08,65.88,-22.15,35.37,12.07
2017-07-19,43.16,20.55,22.61,67.24,1.36,35.37,11.59
2017-08-16,42.3,20.37,21.93,65.49,-1.75,35.37,12.21
2017-09-14,45.99,21.78,24.21,71.35,5.86,35.37,10.13
2017-10-12,57.08,23.78,33.3,94.69,23.34,35.37,1.88
2017-11-09,58.17,25.33,32.84,89.59,-5.1,37.07,3.86
2017-12-08,50.42,28.66,21.76,59.85,-29.74,38.76,15.56
2018-01-09,60.74,32.87,27.87,74.28,14.43,38.76,9.97
2018-02-07,49.31,29.27,20.04,55.79,-18.49,38.76,17.14
2018-03-08,61.78,32.18,29.6,78.37,22.58,38.76,8.38
2018-04-06,53.69,25.03,28.66,76.15,-2.22,38.76,9.24
2018-05-04,56.7,27.87,28.83,76.55,0.4,38.76,9.09
2018-06-04,73.04,31.88,41.16,100.0,23.45,41.16,0.0
2018-07-02,66.22,30.25,35.97,83.85,-16.15,43.59,7.04
2018-07-31,65.93,34.73,31.2,73.73,-10.12,43.59,11.45
2018-08-28,72.83,38.61,34.22,80.14,6.41,43.59,8.66
2018-09-26,58.44,38.34,20.1,50.2,-29.94,43.59,21.71
2018-10-24,33.22,26.38,6.84,22.09,-28.11,43.59,33.96
2018-11-21,53.17,26.07,27.1,65.04,42.95,43.59,15.24
2018-12-21,40.26,14.29,25.97,62.65,-2.39,43.59,16.28
2019-01-23,51.09,24.93,26.16,63.05,0.4,43.59,16.11
2019-02-21,78.51,31.47,47.04,95.96,32.91,49.17,1.99
2019-03-21,86.25,34.52,51.73,100.0,4.04,51.73,0.0
2019-04-18,93.46,36.81,56.65,100.0,0.0,56.65,0.0
2019-05-17,69.39,34.65,34.74,60.44,-39.56,59.82,23.66
2019-06-17,76.11,36.1,40.01,68.75,8.31,59.82,18.69
2019-07-16,92.87,40.67,52.2,87.98,19.23,59.82,7.19
2019-08-13,88.22,37.04,51.18,77.83,-10.15,66.78,14.81
2019-09-11,91.04,40.46,50.58,76.98,-0.85,66.78,15.37
2019-10-09,78.95,35.98,42.97,66.16,-10.82,66.78,22.6
2019-11-06,84.97,43.13,41.84,64.55,-1.61,66.78,23.67
2019-12-05,86.74,45.14,41.6,64.21,-0.34,66.78,23.9
2020-01-06,91.9,50.24,41.66,64.3,0.09,66.78,23.84
2020-02-04,84.06,52.49,31.57,49.96,-14.34,66.78,33.42
2020-03-04,83.55,44.68,38.87,60.33,10.37,66.78,26.49
2020-04-01,37.02,13.74,23.28,38.18,-22.15,66.78,41.28
2020-04-30,78.56,34.32,44.24,67.96,29.78,66.78,21.4
2020-05-29,83.56,40.47,43.09,66.33,-1.63,66.78,22.48
2020-06-26,91.01,38.89,52.12,79.16,12.83,66.78,13.92
2020-07-27,87.1,48.57,38.53,59.85,-19.31,66.78,26.81
2020-08-24,88.88,57.32,31.56,49.94,-9.91,66.78,33.43
2020-09-22,84.28,51.8,32.48,51.25,1.31,66.78,32.56
2020-10-20,98.06,56.79,41.27,63.74,12.49,66.78,24.21
2020-11-17,117.06,64.37,52.69,79.97,16.23,66.78,13.38
2020-12-16,127.39,68.34,59.05,89.01,9.04,66.78,7.34
2021-01-15,150.36,70.52,79.84,98.25,9.24,81.33,1.42
2021-02-16,153.85,77.66,76.19,92.22,-6.03,82.92,6.45
2021-03-16,141.31,78.86,62.45,76.34,-15.88,82.92,19.62
2021-04-14,148.92,85.35,63.57,77.63,1.29,82.92,18.55
2021-05-12,128.67,82.17,46.5,57.9,-19.73,82.92,34.91
2021-06-10,161.1,89.81,71.29,86.55,28.65,82.92,11.15
2021-07-09,158.53,94.62,63.91,78.02,-8.53,82.92,18.23
2021-08-06,165.17,97.23,67.94,82.68,4.66,82.92,14.36
2021-09-03,150.87,101.38,49.49,61.35,-21.33,82.92,32.05
2021-10-04,152.82,90.07,62.75,76.68,15.33,82.92,19.34
2021-11-01,168.41,103.4,65.01,79.29,2.61,82.92,17.17
2021-11-30,176.47,101.47,75.0,90.84,11.55,82.92,7.6
2021-12-29,168.28,110.49,57.79,70.95,-19.89,82.92,24.09
2022-01-27,135.48,89.59,45.89,57.19,-13.76,82.92,35.5
2022-02-25,146.15,91.86,54.29,66.9,9.71,82.92,27.45
2022-03-25,150.69,97.91,52.78,65.16,-1.74,82.92,28.89
2022-04-25,139.77,86.8,52.97,65.38,0.22,82.92,28.71
2022-05-23,142.99,72.64,70.35,85.47,20.09,82.92,12.05
2022-06-22,121.38,63.12,58.26,71.49,-13.98,82.92,23.64
2022-07-21,146.98,72.71,74.27,90.0,18.51,82.92,8.29
2022-08-18,153.55,84.98,68.57,80.95,-9.05,85.55,16.3
2022-09-16,121.88,66.91,54.97,65.69,-15.26,85.55,29.35
2022-10-14,102.62,53.85,48.77,58.73,-6.96,85.55,35.31
2022-11-11,142.45,71.06,71.39,84.11,25.38,85.55,13.59
2022-12-12,153.78,70.93,82.85,96.97,12.86,85.55,2.59
2023-01-11,149.4,69.09,80.31,93.28,-3.69,86.35,5.8
2023-02-09,161.4,73.66,87.74,99.76,6.48,87.96,0.21
2023-03-10,165.3,64.3,101.0,91.56,-8.2,110.64,9.34
2023-04-10,177.81,73.97,103.84,91.62,0.06,113.66,9.52
2023-05-08,167.62,74.9,92.72,82.14,-9.48,113.66,20.3
2023-06-06,157.33,81.01,76.32,68.15,-13.99,113.66,36.2
2023-07-06,168.37,85.42,82.95,73.81,5.66,113.66,29.77
2023-08-03,175.13,88.91,86.22,76.6,2.79,113.66,26.6
2023-08-31,161.18,89.57,71.61,64.13,-12.47,113.66,40.77
2023-09-29,150.81,79.47,71.34,63.9,-0.23,113.66,41.03
2023-10-27,129.34,72.07,57.27,51.9,-12.0,113.66,54.67
2023-11-27,161.75,90.05,71.7,64.21,12.31,113.66,40.68
2023-12-26,182.42,98.44,83.98,74.68,10.47,113.66,28.78
2024-01-25,179.34,103.14,76.2,68.05,-6.63,113.66,36.31
2024-02-23,168.35,110.9,57.45,52.06,-15.99,113.66,54.49
2024-03-22,172.32,115.96,56.36,51.13,-0.93,113.66,55.55
2024-04-22,161.4,106.36,55.04,50.0,-1.13,113.66,56.83
2024-05-20,204.21,118.46,85.75,76.19,26.19,113.66,27.06
2024-06-18,228.18,125.56,102.62,87.7,11.51,117.52,14.45
2024-07-18,232.15,126.6,105.55,90.12,2.42,117.52,11.61
2024-08-15,209.91,126.23,83.68,72.06,-18.06,117.52,32.84
2024-09-13,211.36,129.28,82.08,70.73,-1.33,117.52,34.4
2024-09-19,221.1,133.16,87.94,75.57,1.68,117.52,28.71
