Date,rate_RTX_5D,rate_VOO_20D,Divergence,Relative_Divergence,Delta_Previous_Relative_Divergence,Max_Divergence,Expected_Return
2015-01-02,0.0,0.0,0.0,100.0,0.0,0.0,0.0
2015-02-02,2.62,-0.35,2.97,98.39,-1.61,4.75,0.08
2015-03-03,6.99,4.16,2.83,98.12,-0.27,4.91,0.09
2015-03-31,3.04,1.77,1.27,96.72,-1.4,4.91,0.16
2015-04-29,1.41,3.8,-2.39,93.42,-3.3,4.91,0.32
2015-05-28,3.42,4.7,-1.28,94.42,1.0,4.91,0.27
2015-06-25,-0.47,3.4,-3.87,92.08,-2.34,4.91,0.39
2015-07-24,-12.74,2.43,-15.17,81.9,-10.18,4.91,0.89
2015-08-21,-18.17,-2.77,-15.4,81.69,-0.21,4.91,0.9
2015-09-21,-19.27,-3.24,-16.03,81.12,-0.57,4.91,0.93
2015-10-19,-18.63,0.19,-18.82,78.61,-2.51,4.91,1.05
2015-11-16,-13.43,1.28,-14.71,82.31,3.7,4.91,0.87
2015-12-15,-17.34,0.99,-18.33,79.05,-3.26,4.91,1.03
2016-01-14,-20.98,-5.5,-15.48,81.62,2.57,4.91,0.9
2016-02-12,-23.5,-8.03,-15.47,81.63,0.01,4.91,0.9
2016-03-14,-13.69,-0.19,-13.5,83.4,1.77,4.91,0.82
2016-04-12,-8.03,1.51,-9.54,86.97,3.57,4.91,0.64
2016-05-10,-8.79,2.72,-11.51,85.2,-1.77,4.91,0.73
2016-06-08,-8.78,4.64,-13.42,83.47,-1.73,4.91,0.81
2016-07-07,-8.8,3.22,-12.02,84.74,1.27,4.91,0.75
2016-08-04,-4.84,6.55,-11.39,85.3,0.56,4.91,0.72
2016-09-01,-4.49,6.98,-11.47,85.23,-0.07,4.91,0.73
2016-09-30,-9.07,6.55,-15.62,81.49,-3.74,4.91,0.91
2016-10-28,-8.78,4.59,-13.37,83.52,2.03,4.91,0.81
2016-11-28,-2.79,8.53,-11.32,85.37,1.85,4.91,0.72
2016-12-27,-0.5,11.22,-11.72,85.01,-0.36,4.91,0.74
2017-01-26,-1.06,12.65,-13.71,83.21,-1.8,4.91,0.82
2017-02-24,0.84,16.21,-15.37,81.72,-1.49,4.91,0.9
2017-03-24,0.23,14.65,-14.42,82.57,0.85,4.91,0.86
2017-04-24,4.28,16.11,-11.83,84.91,2.34,4.91,0.74
2017-05-22,9.0,17.16,-8.16,88.22,3.31,4.91,0.58
2017-06-20,8.8,19.3,-10.5,86.11,-2.11,4.91,0.68
2017-07-19,10.12,20.55,-10.43,86.17,0.06,4.91,0.68
2017-08-16,5.52,20.37,-14.85,82.19,-3.98,4.91,0.87
2017-09-14,1.16,21.78,-20.62,76.98,-5.21,4.91,1.13
2017-10-12,6.19,23.78,-17.59,79.72,2.74,4.91,1.0
2017-11-09,5.73,25.33,-19.6,77.9,-1.82,4.91,1.09
2017-12-08,9.64,28.66,-19.02,78.43,0.53,4.91,1.06
2018-01-09,19.75,32.87,-13.12,83.75,5.32,4.91,0.8
2018-02-07,17.55,29.27,-11.72,85.01,1.26,4.91,0.74
2018-03-08,16.79,32.18,-15.39,81.7,-3.31,4.91,0.9
2018-04-06,9.15,25.03,-15.88,81.26,-0.44,4.91,0.92
2018-05-04,6.22,27.87,-21.65,76.05,-5.21,4.91,1.18
2018-06-04,12.16,31.88,-19.72,77.79,1.74,4.91,1.09
2018-07-02,10.96,30.25,-19.29,78.18,0.39,4.91,1.07
2018-07-31,20.46,34.73,-14.27,82.71,4.53,4.91,0.85
2018-08-28,19.22,38.61,-19.39,78.09,-4.62,4.91,1.08
2018-09-26,23.57,38.34,-14.77,82.26,4.17,4.91,0.87
2018-10-24,7.94,26.38,-18.44,78.95,-3.31,4.91,1.03
2018-11-21,11.07,26.07,-15.0,82.05,3.1,4.91,0.88
2018-12-21,-6.23,14.29,-20.52,77.07,-4.98,4.91,1.13
2019-01-23,3.39,24.93,-21.54,76.15,-0.92,4.91,1.17
2019-02-21,11.55,31.47,-19.92,77.61,1.46,4.91,1.1
2019-03-21,11.96,34.52,-22.56,75.23,-2.38,4.91,1.22
2019-04-18,20.77,36.81,-16.04,81.11,5.88,4.91,0.93
2019-05-17,17.76,34.65,-16.89,80.35,-0.76,4.91,0.96
2019-06-17,9.29,36.1,-26.81,71.4,-8.95,4.91,1.4
2019-07-16,17.07,40.67,-23.6,74.3,2.9,4.91,1.26
2019-08-13,13.24,37.04,-23.8,74.12,-0.18,4.91,1.27
2019-09-11,19.29,40.46,-21.17,76.49,2.37,4.91,1.15
2019-10-09,15.68,35.98,-20.3,77.27,0.78,4.91,1.12
2019-11-06,29.83,43.13,-13.3,83.58,6.31,4.91,0.81
2019-12-05,26.99,45.14,-18.15,79.21,-4.37,4.91,1.02
2020-01-06,34.13,50.24,-16.11,81.05,1.84,4.91,0.93
2020-02-04,33.34,52.49,-19.15,78.31,-2.74,4.91,1.06
2020-03-04,21.05,44.68,-23.63,74.27,-4.04,4.91,1.26
2020-04-01,-24.19,13.74,-37.93,61.38,-12.89,4.91,1.9
2020-04-30,-16.56,34.32,-50.88,49.7,-11.68,4.91,2.47
2020-05-29,-16.71,40.47,-57.18,44.02,-5.68,4.91,2.75
2020-06-26,-22.2,38.89,-61.09,40.5,-3.52,4.91,2.92
2020-07-27,-20.04,48.57,-68.61,33.72,-6.78,4.91,3.25
2020-08-24,-19.24,57.32,-76.56,26.55,-7.17,4.91,3.61
2020-09-22,-21.57,51.8,-73.37,29.43,2.88,4.91,3.46
2020-10-20,-19.72,56.79,-76.51,26.6,-2.83,4.91,3.6
2020-11-17,-10.57,64.37,-74.94,28.01,1.41,4.91,3.53
2020-12-16,-8.53,68.34,-76.87,26.27,-1.74,4.91,3.62
2021-01-15,-10.09,70.52,-80.61,22.9,-3.37,4.91,3.79
2021-02-16,-5.99,77.66,-83.65,20.16,-2.74,4.91,3.92
2021-03-16,0.69,78.86,-78.17,25.1,4.94,4.91,3.68
2021-04-14,0.36,85.35,-84.99,18.95,-6.15,4.91,3.98
2021-05-12,5.43,82.17,-76.74,26.39,7.44,4.91,3.61
2021-06-10,12.43,89.81,-77.38,25.81,-0.58,4.91,3.64
2021-07-09,10.16,94.62,-84.46,19.43,-6.38,4.91,3.96
2021-08-06,11.52,97.23,-85.71,18.3,-1.13,4.91,4.01
2021-09-03,6.82,101.38,-94.56,10.32,-7.98,4.91,4.4
2021-10-04,11.54,90.07,-78.53,24.77,14.45,4.91,3.69
2021-11-01,12.48,103.4,-90.92,13.6,-11.17,4.91,4.24
2021-11-30,3.45,101.47,-98.02,7.2,-6.4,4.91,4.56
2021-12-29,9.32,110.49,-101.17,4.36,-2.84,4.91,4.7
2022-01-27,13.26,89.59,-76.33,26.76,22.4,4.91,3.6
2022-02-25,23.63,91.86,-68.23,34.06,7.3,4.91,3.24
2022-03-25,28.58,97.91,-69.33,33.07,-0.99,4.91,3.29
2022-04-25,25.11,86.8,-61.69,39.96,6.89,4.91,2.95
2022-05-23,15.81,72.64,-56.83,44.34,4.38,4.91,2.73
2022-06-22,16.57,63.12,-46.55,53.61,9.27,4.91,2.28
2022-07-21,19.21,72.71,-53.5,47.34,-6.27,4.91,2.59
2022-08-18,18.9,84.98,-66.08,36.0,-11.34,4.91,3.14
2022-09-16,7.64,66.91,-59.27,42.14,6.14,4.91,2.84
2022-10-14,4.53,53.85,-49.32,51.11,8.97,4.91,2.4
2022-11-11,17.46,71.06,-53.6,47.25,-3.86,4.91,2.59
2022-12-12,24.29,70.93,-46.64,53.53,6.28,4.91,2.28
2023-01-11,24.19,69.09,-44.9,55.09,1.56,4.91,2.21
2023-02-09,22.03,73.66,-51.63,49.03,-6.06,4.91,2.5
2023-03-10,19.75,64.3,-44.55,55.41,6.38,4.91,2.19
2023-04-10,23.87,73.97,-50.1,50.41,-5.0,4.91,2.43
2023-05-08,18.97,74.9,-55.93,45.15,-5.26,4.91,2.69
2023-06-06,21.1,81.01,-59.91,41.56,-3.59,4.91,2.87
2023-07-06,21.71,85.42,-63.71,38.14,-3.42,4.91,3.04
2023-08-03,6.0,88.91,-82.91,20.83,-17.31,4.91,3.89
2023-08-31,7.6,89.57,-81.97,21.67,0.84,4.91,3.85
2023-09-29,-8.9,79.47,-88.37,15.9,-5.77,4.91,4.13
2023-10-27,-0.43,72.07,-72.5,30.21,14.31,4.91,3.43
2023-11-27,-0.08,90.05,-90.13,14.32,-15.89,4.91,4.21
2023-12-26,5.26,98.44,-93.18,11.57,-2.75,4.91,4.34
2024-01-25,13.31,103.14,-89.83,14.59,3.02,4.91,4.19
2024-02-23,12.14,110.9,-98.76,6.54,-8.05,4.91,4.59
2024-03-22,18.56,115.96,-97.4,7.76,1.22,4.91,4.53
2024-04-22,25.51,106.36,-80.85,22.68,14.92,4.91,3.8
2024-05-20,29.43,118.46,-89.03,15.31,-7.37,4.91,4.16
2024-06-18,28.99,125.56,-96.57,8.51,-6.8,4.91,4.49
2024-07-18,27.79,126.6,-98.81,6.49,-2.02,4.91,4.59
2024-08-15,44.54,126.23,-81.69,21.93,15.44,4.91,3.83
2024-09-13,45.21,129.28,-84.07,19.78,-2.15,4.91,3.94
2024-09-19,44.2,133.16,-88.96,15.37,-2.62,4.91,4.16
