Date,rate_EXR_5D,rate_VOO_20D,Divergence,Relative_Divergence,Delta_Previous_Relative_Divergence,Max_Divergence,Expected_Return
2015-01-02,0.0,0.0,0.0,100.0,0.0,0.0,0.0
2015-02-02,7.09,-0.35,7.44,96.0,-4.0,10.05,0.4
2015-03-03,7.12,4.16,2.96,89.13,-6.87,10.05,1.09
2015-03-31,9.29,1.77,7.52,96.12,6.99,10.05,0.39
2015-04-29,5.19,3.8,1.39,86.72,-9.4,10.05,1.33
2015-05-28,14.08,4.7,9.38,96.17,9.45,11.95,0.46
2015-06-25,5.52,3.4,2.12,85.35,-10.82,11.95,1.75
2015-07-24,14.41,2.43,11.98,100.0,14.65,11.98,0.0
2015-08-21,23.16,-2.77,25.93,100.0,0.0,25.93,0.0
2015-09-21,23.1,-3.24,26.34,100.0,0.0,26.34,0.0
2015-10-19,27.6,0.19,27.41,96.4,-3.6,30.49,1.1
2015-11-16,27.07,1.28,25.79,94.51,-1.89,30.49,1.67
2015-12-15,38.95,0.99,37.96,100.0,5.49,37.96,0.0
2016-01-14,38.93,-5.5,44.43,94.6,-5.4,50.12,2.71
2016-02-12,29.31,-8.03,37.34,87.13,-7.47,51.01,6.56
2016-03-14,38.35,-0.19,38.54,88.26,1.13,51.01,5.99
2016-04-12,45.62,1.51,44.11,93.5,5.24,51.01,3.32
2016-05-10,48.28,2.72,45.56,94.87,1.37,51.01,2.62
2016-06-08,43.09,4.64,38.45,88.17,-6.7,51.01,6.03
2016-07-07,44.35,3.22,41.13,90.7,2.53,51.01,4.74
2016-08-04,28.32,6.55,21.77,72.46,-18.24,51.01,14.05
2016-09-01,26.56,6.98,19.58,70.4,-2.06,51.01,15.1
2016-09-30,24.05,6.55,17.5,68.44,-1.96,51.01,16.1
2016-10-28,12.46,4.59,7.87,59.37,-9.07,51.01,20.73
2016-11-28,10.59,8.53,2.06,53.9,-5.47,51.01,23.52
2016-12-27,17.41,11.22,6.19,57.79,3.89,51.01,21.53
2017-01-26,15.07,12.65,2.42,54.24,-3.55,51.01,23.34
2017-02-24,23.53,16.21,7.32,58.85,4.61,51.01,20.99
2017-03-24,16.43,14.65,1.78,53.64,-5.21,51.01,23.65
2017-04-24,22.33,16.11,6.22,57.82,4.18,51.01,21.52
2017-05-22,20.03,17.16,2.87,54.66,-3.16,51.01,23.13
2017-06-20,21.05,19.3,1.75,53.61,-1.05,51.01,23.66
2017-07-19,21.67,20.55,1.12,53.01,-0.6,51.01,23.97
2017-08-16,17.0,20.37,-3.37,48.79,-4.22,51.01,26.12
2017-09-14,20.69,21.78,-1.09,50.93,2.14,51.01,25.03
2017-10-12,25.5,23.78,1.72,53.58,2.65,51.01,23.68
2017-11-09,31.2,25.33,5.87,57.49,3.91,51.01,21.68
2017-12-08,32.24,28.66,3.58,55.33,-2.16,51.01,22.79
2018-01-09,27.16,32.87,-5.71,46.58,-8.75,51.01,27.25
2018-02-07,22.86,29.27,-6.41,45.92,-0.66,51.01,27.59
2018-03-08,32.76,32.18,0.58,52.51,6.59,51.01,24.22
2018-04-06,32.18,25.03,7.15,58.69,6.18,51.01,21.07
2018-05-04,40.07,27.87,12.2,63.45,4.76,51.01,18.64
2018-06-04,49.81,31.88,17.93,68.85,5.4,51.01,15.89
2018-07-02,49.49,30.25,19.24,70.08,1.23,51.01,15.26
2018-07-31,42.11,34.73,7.38,58.91,-11.17,51.01,20.96
2018-08-28,39.41,38.61,0.8,52.71,-6.2,51.01,24.12
2018-09-26,30.19,38.34,-8.15,44.28,-8.43,51.01,28.42
2018-10-24,31.96,26.38,5.58,57.21,12.93,51.01,21.83
2018-11-21,39.46,26.07,13.39,64.57,7.36,51.01,18.07
2018-12-21,38.69,14.29,24.4,74.94,10.37,51.01,12.78
2019-01-23,37.79,24.93,12.86,64.07,-10.87,51.01,18.33
2019-02-21,37.72,31.47,6.25,57.85,-6.22,51.01,21.5
2019-03-21,49.92,34.52,15.4,66.46,8.61,51.01,17.11
2019-04-18,49.65,36.81,12.84,64.05,-2.41,51.01,18.34
2019-05-17,57.13,34.65,22.48,73.13,9.08,51.01,13.71
2019-06-17,60.84,36.1,24.74,75.26,2.13,51.01,12.62
2019-07-16,64.35,40.67,23.68,74.26,-1.0,51.01,13.13
2019-08-13,75.11,37.04,38.07,87.81,13.55,51.01,6.22
2019-09-11,70.99,40.46,30.53,80.71,-7.1,51.01,9.84
2019-10-09,71.01,35.98,35.03,84.95,4.24,51.01,7.68
2019-11-06,58.98,43.13,15.85,66.89,-18.06,51.01,16.89
2019-12-05,55.98,45.14,10.84,62.17,-4.72,51.01,19.3
2020-01-06,54.72,50.24,4.48,56.18,-5.99,51.01,22.35
2020-02-04,59.81,52.49,7.32,58.85,2.67,51.01,20.99
2020-03-04,58.86,44.68,14.18,65.31,6.46,51.01,17.7
2020-04-01,35.79,13.74,22.05,72.73,7.42,51.01,13.91
2020-04-30,27.46,34.32,-6.86,45.5,-27.23,51.01,27.8
2020-05-29,39.58,40.47,-0.89,51.12,5.62,51.01,24.93
2020-06-26,31.06,38.89,-7.83,44.58,-6.54,51.01,28.27
2020-07-27,37.37,48.57,-11.2,41.41,-3.17,51.01,29.89
2020-08-24,52.43,57.32,-4.89,47.35,5.94,51.01,26.86
2020-09-22,54.4,51.8,2.6,54.41,7.06,51.01,23.26
2020-10-20,63.39,56.79,6.6,58.17,3.76,51.01,21.34
2020-11-17,68.0,64.37,3.63,55.38,-2.79,51.01,22.76
2020-12-16,57.95,68.34,-10.39,42.17,-13.21,51.01,29.5
2021-01-15,59.2,70.52,-11.32,41.3,-0.87,51.01,29.94
2021-02-16,65.92,77.66,-11.74,40.9,-0.4,51.01,30.15
2021-03-16,89.18,78.86,10.32,61.68,20.78,51.01,19.55
2021-04-14,95.82,85.35,10.47,61.82,0.14,51.01,19.48
2021-05-12,99.14,82.17,16.97,67.94,6.12,51.01,16.35
2021-06-10,122.84,89.81,33.03,83.07,15.13,51.01,8.64
2021-07-09,141.7,94.62,47.08,96.3,13.23,51.01,1.89
2021-08-06,144.13,97.23,46.9,96.13,-0.17,51.01,1.97
2021-09-03,168.51,101.38,67.13,100.0,3.87,67.13,0.0
2021-10-04,132.56,90.07,42.49,79.85,-20.15,67.13,13.53
2021-11-01,171.38,103.4,67.98,99.03,19.18,69.19,0.67
2021-11-30,175.4,101.47,73.93,99.8,0.77,74.19,0.15
2021-12-29,209.31,110.49,98.82,100.0,0.2,98.82,0.0
2022-01-27,160.24,89.59,70.65,80.16,-19.84,101.79,20.2
2022-02-25,164.58,91.86,72.72,81.48,1.32,101.79,18.85
2022-03-25,168.29,97.91,70.38,79.99,-1.49,101.79,20.37
2022-04-25,182.22,86.8,95.42,94.73,14.74,103.79,5.47
2022-05-23,135.19,72.64,62.55,74.06,-20.67,103.79,26.92
2022-06-22,121.44,63.12,58.32,71.4,-2.66,103.79,29.68
2022-07-21,135.22,72.71,62.51,74.03,2.63,103.79,26.95
2022-08-18,184.83,84.98,99.85,97.52,23.49,103.79,2.57
2022-09-16,145.38,66.91,78.47,84.07,-13.45,103.79,16.53
2022-10-14,113.6,53.85,59.75,72.29,-11.78,103.79,28.76
2022-11-11,109.68,71.06,38.62,59.0,-13.29,103.79,42.55
2022-12-12,109.5,70.93,38.57,58.97,-0.03,103.79,42.59
2023-01-11,102.67,69.09,33.58,55.83,-3.14,103.79,45.84
2023-02-09,117.69,73.66,44.03,62.41,6.58,103.79,39.01
2023-03-10,101.22,64.3,36.92,57.93,-4.48,103.79,43.66
2023-04-10,114.64,73.97,40.67,60.29,2.36,103.79,41.22
2023-05-08,104.67,74.9,29.77,53.43,-6.86,103.79,48.34
2023-06-06,86.43,81.01,5.42,38.12,-15.31,103.79,64.23
2023-07-06,92.63,85.42,7.21,39.24,1.12,103.79,63.06
2023-08-03,80.56,88.91,-8.35,29.45,-9.79,103.79,73.22
2023-08-31,66.62,89.57,-22.95,20.27,-9.18,103.79,82.75
2023-09-29,57.12,79.47,-22.35,20.65,0.38,103.79,82.36
2023-10-27,33.5,72.07,-38.57,10.44,-10.21,103.79,92.95
2023-11-27,54.58,90.05,-35.47,12.39,1.95,103.79,90.93
2023-12-26,85.66,98.44,-12.78,26.67,14.28,103.79,76.11
2024-01-25,74.04,103.14,-29.1,16.4,-10.27,103.79,86.77
2024-02-23,64.42,110.9,-46.48,5.47,-10.93,103.79,98.11
2024-03-22,65.48,115.96,-50.48,2.95,-2.52,103.79,100.73
2024-04-22,56.06,106.36,-50.3,3.06,0.11,103.79,100.61
2024-05-20,74.25,118.46,-44.21,6.89,3.83,103.79,96.64
2024-06-18,83.36,125.56,-42.2,8.16,1.27,103.79,95.32
2024-07-18,91.32,126.6,-35.28,12.51,4.35,103.79,90.81
2024-08-15,89.81,126.23,-36.42,11.8,-0.71,103.79,91.54
2024-09-13,101.63,129.28,-27.65,17.31,5.51,103.79,85.82
2024-09-18,105.55,128.99,-23.44,19.96,7.5,103.79,83.07
