Date,rate_HAL_5D,rate_VOO_20D,Divergence,Relative_Divergence,Delta_Previous_Relative_Divergence,Max_Divergence,Expected_Return
2015-01-02,0.0,0.0,0.0,100.0,0.0,0.0,0.0
2015-02-02,6.27,-0.35,6.62,100.0,0.0,6.62,0.0
2015-03-03,10.18,4.16,6.02,96.77,-3.23,11.08,0.36
2015-03-31,12.14,1.77,10.37,99.55,2.78,11.08,0.05
2015-04-29,25.62,3.8,21.82,100.0,0.45,21.82,0.0
2015-05-28,15.55,4.7,10.85,93.25,-6.75,22.19,1.5
2015-06-25,10.69,3.4,7.29,91.13,-2.12,22.19,1.97
2015-07-24,6.1,2.43,3.67,88.97,-2.16,22.19,2.45
2015-08-21,-9.26,-2.77,-6.49,82.92,-6.05,22.19,3.79
2015-09-21,-4.75,-3.24,-1.51,85.89,2.97,22.19,3.13
2015-10-19,-4.91,0.19,-5.1,83.75,-2.14,22.19,3.61
2015-11-16,-2.04,1.28,-3.32,84.81,1.06,22.19,3.37
2015-12-15,-5.58,0.99,-6.57,82.88,-1.93,22.19,3.8
2016-01-14,-18.86,-5.5,-13.36,78.83,-4.05,22.19,4.7
2016-02-12,-25.66,-8.03,-17.63,76.29,-2.54,22.19,5.26
2016-03-14,-9.22,-0.19,-9.03,81.41,5.12,22.19,4.13
2016-04-12,-3.6,1.51,-5.11,83.75,2.34,22.19,3.61
2016-05-10,-0.62,2.72,-3.34,84.8,1.05,22.19,3.37
2016-06-08,18.35,4.64,13.71,94.95,10.15,22.19,1.12
2016-07-07,11.23,3.22,8.01,91.56,-3.39,22.19,1.87
2016-08-04,9.72,6.55,3.17,88.68,-2.88,22.19,2.51
2016-09-01,10.2,6.98,3.22,88.7,0.02,22.19,2.51
2016-09-30,14.45,6.55,7.9,91.49,2.79,22.19,1.89
2016-10-28,18.66,4.59,14.07,95.17,3.68,22.19,1.07
2016-11-28,24.15,8.53,15.62,96.09,0.92,22.19,0.87
2016-12-27,39.39,11.22,28.17,99.26,3.17,29.47,0.22
2017-01-26,47.04,12.65,34.39,100.0,0.74,34.39,0.0
2017-02-24,33.57,16.21,17.36,90.28,-9.72,34.93,3.4
2017-03-24,24.57,14.65,9.92,86.16,-4.12,34.93,4.83
2017-04-24,17.67,16.11,1.56,81.53,-4.63,34.93,6.45
2017-05-22,18.48,17.16,1.32,81.4,-0.13,34.93,6.5
2017-06-20,9.02,19.3,-10.28,74.98,-6.42,34.93,8.74
2017-07-19,14.43,20.55,-6.12,77.28,2.3,34.93,7.94
2017-08-16,-1.33,20.37,-21.7,68.66,-8.62,34.93,10.95
2017-09-14,5.84,21.78,-15.94,71.85,3.19,34.93,9.83
2017-10-12,12.21,23.78,-11.57,74.27,2.42,34.93,8.99
2017-11-09,12.77,25.33,-12.56,73.72,-0.55,34.93,9.18
2017-12-08,10.15,28.66,-18.51,70.42,-3.3,34.93,10.33
2018-01-09,30.27,32.87,-2.6,79.23,8.81,34.93,7.25
2018-02-07,24.0,29.27,-5.27,77.75,-1.48,34.93,7.77
2018-03-08,14.71,32.18,-17.47,71.0,-6.75,34.93,10.13
2018-04-06,17.06,25.03,-7.97,76.26,5.26,34.93,8.29
2018-05-04,29.76,27.87,1.89,81.71,5.45,34.93,6.39
2018-06-04,19.08,31.88,-12.8,73.58,-8.13,34.93,9.23
2018-07-02,10.36,30.25,-19.89,69.66,-3.92,34.93,10.6
2018-07-31,5.27,34.73,-29.46,64.36,-5.3,34.93,12.45
2018-08-28,0.9,38.61,-37.71,59.8,-4.56,34.93,14.04
2018-09-26,1.95,38.34,-36.39,60.53,0.73,34.93,13.79
2018-10-24,-15.07,26.38,-41.45,57.73,-2.8,34.93,14.76
2018-11-21,-20.93,26.07,-47.0,54.66,-3.07,34.93,15.84
2018-12-21,-30.16,14.29,-44.45,56.07,1.41,34.93,15.34
2019-01-23,-21.86,24.93,-46.79,54.77,-1.3,34.93,15.8
2019-02-21,-21.22,31.47,-52.69,51.51,-3.26,34.93,16.94
2019-03-21,-23.19,34.52,-57.71,48.73,-2.78,34.93,17.91
2019-04-18,-21.3,36.81,-58.11,48.51,-0.22,34.93,17.99
2019-05-17,-30.67,34.65,-65.32,44.52,-3.99,34.93,19.38
2019-06-17,-36.15,36.1,-72.25,40.68,-3.84,34.93,20.72
2019-07-16,-34.82,40.67,-75.49,38.89,-1.79,34.93,21.35
2019-08-13,-38.84,37.04,-75.88,38.67,-0.22,34.93,21.42
2019-09-11,-37.84,40.46,-78.3,37.33,-1.34,34.93,21.89
2019-10-09,-39.9,35.98,-75.88,38.67,1.34,34.93,21.42
2019-11-06,-36.6,43.13,-79.73,36.54,-2.13,34.93,22.17
2019-12-05,-35.28,45.14,-80.42,36.16,-0.38,34.93,22.3
2020-01-06,-29.43,50.24,-79.67,36.58,0.42,34.93,22.15
2020-02-04,-36.94,52.49,-89.43,31.17,-5.41,34.93,24.04
2020-03-04,-51.33,44.68,-96.01,27.53,-3.64,34.93,25.31
2020-04-01,-72.46,13.74,-86.2,32.96,5.43,34.93,23.42
2020-04-30,-62.64,34.32,-96.96,27.01,-5.95,34.93,25.5
2020-05-29,-59.01,40.47,-99.48,25.61,-1.4,34.93,25.98
2020-06-26,-58.23,38.89,-97.12,26.92,1.31,34.93,25.53
2020-07-27,-50.08,48.57,-98.65,26.07,-0.85,34.93,25.82
2020-08-24,-46.08,57.32,-103.4,23.44,-2.63,34.93,26.74
2020-09-22,-53.74,51.8,-105.54,22.26,-1.18,34.93,27.15
2020-10-20,-55.1,56.79,-111.89,18.74,-3.52,34.93,28.38
2020-11-17,-46.15,64.37,-110.52,19.5,0.76,34.93,28.12
2020-12-16,-33.68,68.34,-102.02,24.21,4.71,34.93,26.47
2021-01-15,-31.77,70.52,-102.29,24.06,-0.15,34.93,26.53
2021-02-16,-31.91,77.66,-109.57,20.03,-4.03,34.93,27.93
2021-03-16,-25.28,78.86,-104.14,23.03,3.0,34.93,26.89
2021-04-14,-28.59,85.35,-113.94,17.61,-5.42,34.93,28.78
2021-05-12,-27.35,82.17,-109.52,20.06,2.45,34.93,27.92
2021-06-10,-23.82,89.81,-113.63,17.78,-2.28,34.93,28.72
2021-07-09,-27.76,94.62,-122.38,12.94,-4.84,34.93,30.41
2021-08-06,-34.2,97.23,-131.43,7.93,-5.01,34.93,32.16
2021-09-03,-33.56,101.38,-134.94,5.99,-1.94,34.93,32.84
2021-10-04,-25.82,90.07,-115.89,16.53,10.54,34.93,29.16
2021-11-01,-18.88,103.4,-122.28,12.99,-3.54,34.93,30.39
2021-11-30,-29.57,101.47,-131.04,8.15,-4.84,34.93,32.08
2021-12-29,-25.78,110.49,-136.27,5.25,-2.9,34.93,33.1
2022-01-27,-4.4,89.59,-93.99,28.65,23.4,34.93,24.92
2022-02-25,0.2,91.86,-91.66,29.94,1.29,34.93,24.47
2022-03-25,17.39,97.91,-80.52,36.11,6.17,34.93,22.32
2022-04-25,7.66,86.8,-79.14,36.87,0.76,34.93,22.05
2022-05-23,15.71,72.64,-56.93,49.16,12.29,34.93,17.76
2022-06-22,-1.26,63.12,-64.38,45.04,-4.12,34.93,19.2
2022-07-21,-11.9,72.71,-84.61,33.84,-11.2,34.93,23.11
2022-08-18,-7.26,84.98,-92.24,29.62,-4.22,34.93,24.58
2022-09-16,-11.66,66.91,-78.57,37.19,7.57,34.93,21.94
2022-10-14,-8.28,53.85,-62.13,46.28,9.09,34.93,18.76
2022-11-11,16.99,71.06,-54.07,50.74,4.46,34.93,17.21
2022-12-12,4.86,70.93,-66.07,44.1,-6.64,34.93,19.53
2023-01-11,22.94,69.09,-46.15,55.13,11.03,34.93,15.67
2023-02-09,13.8,73.66,-59.86,47.54,-7.59,34.93,18.32
2023-03-10,4.8,64.3,-59.5,47.74,0.2,34.93,18.25
2023-04-10,1.13,73.97,-72.84,40.36,-7.38,34.93,20.83
2023-05-08,-6.8,74.9,-81.7,35.45,-4.91,34.93,22.55
2023-06-06,-3.53,81.01,-84.54,33.88,-1.57,34.93,23.1
2023-07-06,0.97,85.42,-84.45,33.93,0.05,34.93,23.08
2023-08-03,17.85,88.91,-71.06,41.34,7.41,34.93,20.49
2023-08-31,15.13,89.57,-74.44,39.47,-1.87,34.93,21.14
2023-09-29,19.81,79.47,-59.66,47.65,8.18,34.93,18.29
2023-10-27,17.44,72.07,-54.63,50.43,2.78,34.93,17.31
2023-11-27,12.5,90.05,-77.55,37.75,-12.68,34.93,21.74
2023-12-26,10.82,98.44,-87.62,32.18,-5.57,34.93,23.69
2024-01-25,7.46,103.14,-95.68,27.72,-4.46,34.93,25.25
2024-02-23,4.29,110.9,-106.61,21.67,-6.05,34.93,27.36
2024-03-22,10.26,115.96,-105.7,22.17,0.5,34.93,27.19
2024-04-22,10.86,106.36,-95.5,27.82,5.65,34.93,25.21
2024-05-20,9.03,118.46,-109.43,20.11,-7.71,34.93,27.91
2024-06-18,-3.67,125.56,-129.23,9.15,-10.96,34.93,31.73
2024-07-18,4.51,126.6,-122.09,13.1,3.95,34.93,30.35
2024-08-15,-7.53,126.23,-133.76,6.64,-6.46,34.93,32.61
2024-09-13,-14.41,129.28,-143.69,1.15,-5.49,34.93,34.53
2024-09-20,-12.95,132.46,-145.41,0.19,-5.61,34.93,34.86
