Date,rate_SBUX_5D,rate_VOO_20D,Divergence,Relative_Divergence,Delta_Previous_Relative_Divergence,Max_Divergence,Expected_Return
2015-01-02,0.0,0.0,0.0,100.0,0.0,0.0,0.0
2015-02-02,8.86,-0.35,9.21,98.84,-1.16,10.48,0.12
2015-03-03,16.1,4.16,11.94,99.4,0.56,12.61,0.08
2015-03-31,16.97,1.77,15.2,97.62,-1.78,17.98,0.43
2015-04-29,24.95,3.8,21.15,98.03,0.41,23.56,0.46
2015-05-28,27.57,4.7,22.87,99.44,1.41,23.56,0.13
2015-06-25,32.86,3.4,29.46,100.0,0.56,29.46,0.0
2015-07-24,40.43,2.43,38.0,100.0,0.0,38.0,0.0
2015-08-21,29.16,-2.77,31.93,93.67,-6.33,40.78,2.58
2015-09-21,40.33,-3.24,43.57,100.0,6.33,43.57,0.0
2015-10-19,48.29,0.19,48.1,100.0,0.0,48.1,0.0
2015-11-16,47.13,1.28,45.85,95.75,-4.25,52.28,2.22
2015-12-15,45.01,0.99,44.02,94.54,-1.21,52.28,2.85
2016-01-14,42.22,-5.5,47.72,96.99,2.45,52.28,1.57
2016-02-12,34.32,-8.03,42.35,93.44,-3.55,52.28,3.43
2016-03-14,40.65,-0.19,40.84,92.44,-1.0,52.28,3.95
2016-04-12,42.3,1.51,40.79,92.4,-0.04,52.28,3.97
2016-05-10,37.18,2.72,34.46,88.22,-4.18,52.28,6.16
2016-06-08,31.5,4.64,26.86,83.19,-5.03,52.28,8.79
2016-07-07,35.22,3.22,32.0,86.59,3.4,52.28,7.01
2016-08-04,31.39,6.55,24.84,81.86,-4.73,52.28,9.48
2016-09-01,33.22,6.98,26.24,82.78,0.92,52.28,9.0
2016-09-30,28.09,6.55,21.54,79.68,-3.1,52.28,10.62
2016-10-28,26.42,4.59,21.83,79.87,0.19,52.28,10.52
2016-11-28,35.79,8.53,27.26,83.46,3.59,52.28,8.65
2016-12-27,33.77,11.22,22.55,80.35,-3.11,52.28,10.27
2017-01-26,37.27,12.65,24.62,81.71,1.36,52.28,9.56
2017-02-24,34.73,16.21,18.52,77.68,-4.03,52.28,11.67
2017-03-24,32.9,14.65,18.25,77.5,-0.18,52.28,11.76
2017-04-24,42.65,16.11,26.54,82.98,5.48,52.28,8.9
2017-05-22,42.61,17.16,25.45,82.26,-0.72,52.28,9.27
2017-06-20,39.06,19.3,19.76,78.5,-3.76,52.28,11.24
2017-07-19,34.72,20.55,14.17,74.8,-3.7,52.28,13.17
2017-08-16,23.83,20.37,3.46,67.72,-7.08,52.28,16.88
2017-09-14,26.01,21.78,4.23,68.23,0.51,52.28,16.61
2017-10-12,29.14,23.78,5.36,68.98,0.75,52.28,16.22
2017-11-09,32.13,25.33,6.8,69.93,0.95,52.28,15.72
2017-12-08,34.76,28.66,6.1,69.47,-0.46,52.28,15.96
2018-01-09,35.81,32.87,2.94,67.38,-2.09,52.28,17.05
2018-02-07,24.78,29.27,-4.49,62.47,-4.91,52.28,19.62
2018-03-08,31.45,32.18,-0.73,64.95,2.48,52.28,18.32
2018-04-06,33.21,25.03,8.18,70.84,5.89,52.28,15.24
2018-05-04,31.48,27.87,3.61,67.82,-3.02,52.28,16.82
2018-06-04,29.88,31.88,-2.0,64.11,-3.71,52.28,18.76
2018-07-02,11.57,30.25,-18.68,53.09,-11.02,52.28,24.52
2018-07-31,19.14,34.73,-15.59,55.13,2.04,52.28,23.46
2018-08-28,20.51,38.61,-18.1,53.47,-1.66,52.28,24.33
2018-09-26,29.93,38.34,-8.41,59.88,6.41,52.28,20.97
2018-10-24,31.53,26.38,5.15,68.84,8.96,52.28,16.29
2018-11-21,50.96,26.07,24.89,81.89,13.05,52.28,9.47
2018-12-21,38.48,14.29,24.19,81.43,-0.46,52.28,9.71
2019-01-23,49.54,24.93,24.61,81.71,0.28,52.28,9.56
2019-02-21,58.78,31.47,27.31,83.49,1.78,52.28,8.63
2019-03-21,61.88,34.52,27.36,83.53,0.04,52.28,8.61
2019-04-18,69.94,36.81,33.13,87.34,3.81,52.28,6.62
2019-05-17,75.82,34.65,41.17,92.66,5.32,52.28,3.84
2019-06-17,84.46,36.1,48.36,97.41,4.75,52.28,1.35
2019-07-16,99.53,40.67,58.86,100.0,2.59,58.86,0.0
2019-08-13,113.32,37.04,76.28,99.15,-0.85,77.79,0.66
2019-09-11,100.16,40.46,59.7,89.17,-9.98,78.98,8.55
2019-10-09,88.31,35.98,52.33,85.02,-4.15,78.98,11.83
2019-11-06,81.52,43.13,38.39,77.19,-7.83,78.98,18.02
2019-12-05,84.18,45.14,39.04,77.56,0.37,78.98,17.72
2020-01-06,91.63,50.24,41.39,78.88,1.32,78.98,16.68
2020-02-04,91.61,52.49,39.12,77.6,-1.28,78.98,17.69
2020-03-04,72.27,44.68,27.59,71.12,-6.48,78.98,22.81
2020-04-01,35.19,13.74,21.45,67.67,-3.45,78.98,25.53
2020-04-30,65.63,34.32,31.31,73.21,5.54,78.98,21.16
2020-05-29,67.98,40.47,27.51,71.08,-2.13,78.98,22.84
2020-06-26,53.77,38.89,14.88,63.98,-7.1,78.98,28.45
2020-07-27,63.9,48.57,15.33,64.23,0.25,78.98,28.25
2020-08-24,68.27,57.32,10.95,61.77,-2.46,78.98,30.19
2020-09-22,79.05,51.8,27.25,70.93,9.16,78.98,22.96
2020-10-20,88.26,56.79,31.47,73.3,2.37,78.98,21.09
2020-11-17,109.15,64.37,44.78,80.78,7.48,78.98,15.18
2020-12-16,118.38,68.34,50.04,83.74,2.96,78.98,12.84
2021-01-15,115.71,70.52,45.19,81.01,-2.73,78.98,15.0
2021-02-16,123.09,77.66,45.43,81.15,0.14,78.98,14.89
2021-03-16,133.25,78.86,54.39,86.18,5.03,78.98,10.92
2021-04-14,140.47,85.35,55.12,86.59,0.41,78.98,10.59
2021-05-12,128.5,82.17,46.33,81.65,-4.94,78.98,14.49
2021-06-10,132.78,89.81,42.97,79.77,-1.88,78.98,15.98
2021-07-09,142.9,94.62,48.28,82.75,2.98,78.98,13.62
2021-08-06,145.35,97.23,48.12,82.66,-0.09,78.98,13.7
2021-09-03,140.73,101.38,39.35,77.73,-4.93,78.98,17.59
2021-10-04,128.24,90.07,38.17,77.07,-0.66,78.98,18.11
2021-11-01,124.16,103.4,20.76,67.28,-9.79,78.98,25.84
2021-11-30,123.83,101.47,22.36,68.18,0.9,78.98,25.13
2021-12-29,136.87,110.49,26.38,70.44,2.26,78.98,23.35
2022-01-27,93.4,89.59,3.81,57.76,-12.68,78.98,33.36
2022-02-25,87.34,91.86,-4.52,53.08,-4.68,78.98,37.06
2022-03-25,76.53,97.91,-21.38,43.61,-9.47,78.98,44.54
2022-04-25,57.04,86.8,-29.76,38.9,-4.71,78.98,48.26
2022-05-23,43.97,72.64,-28.67,39.51,0.61,78.98,47.78
2022-06-22,43.03,63.12,-20.09,44.33,4.82,78.98,43.97
2022-07-21,57.85,72.71,-14.86,47.27,2.94,78.98,41.65
2022-08-18,64.91,84.98,-20.07,44.34,-2.93,78.98,43.96
2022-09-16,69.62,66.91,2.71,57.14,12.8,78.98,33.85
2022-10-14,61.04,53.85,7.19,59.66,2.52,78.98,31.86
2022-11-11,79.05,71.06,7.99,60.11,0.45,78.98,31.51
2022-12-12,87.45,70.93,16.52,64.9,4.79,78.98,27.72
2023-01-11,92.97,69.09,23.88,69.04,4.14,78.98,24.45
2023-02-09,92.07,73.66,18.41,65.96,-3.08,78.98,26.88
2023-03-10,80.62,64.3,16.32,64.79,-1.17,78.98,27.81
2023-04-10,89.01,73.97,15.04,64.07,-0.72,78.98,28.38
2023-05-08,92.53,74.9,17.63,65.53,1.46,78.98,27.22
2023-06-06,77.44,81.01,-3.57,53.61,-11.92,78.98,36.64
2023-07-06,73.75,85.42,-11.67,49.06,-4.55,78.98,40.23
2023-08-03,83.37,88.91,-5.54,52.51,3.45,78.98,37.51
2023-08-31,75.38,89.57,-14.19,47.65,-4.86,78.98,41.35
2023-09-29,64.95,79.47,-14.52,47.46,-0.19,78.98,41.5
2023-10-27,65.86,72.07,-6.21,52.13,4.67,78.98,37.81
2023-11-27,82.32,90.05,-7.73,51.28,-0.85,78.98,38.48
2023-12-26,71.09,98.44,-27.35,40.25,-11.03,78.98,47.19
2024-01-25,65.8,103.14,-37.34,34.64,-5.61,78.98,51.62
2024-02-23,70.35,110.9,-40.55,32.83,-1.81,78.98,53.05
2024-03-22,62.11,115.96,-53.85,25.36,-7.47,78.98,58.95
2024-04-22,57.74,106.36,-48.62,28.3,2.94,78.98,56.63
2024-05-20,36.38,118.46,-82.08,9.5,-18.8,78.98,71.48
2024-06-18,38.58,125.56,-86.98,6.74,-2.76,78.98,73.66
2024-07-18,32.72,126.6,-93.88,2.87,-3.87,78.98,76.71
2024-08-15,52.2,126.23,-74.03,14.02,11.15,78.98,67.91
2024-09-13,55.1,129.28,-74.18,13.94,-0.08,78.98,67.97
2024-09-20,51.92,132.53,-80.61,10.32,-1.71,78.98,70.83
