Date,rate_ISRG_5D,rate_VOO_20D,Divergence,Relative_Divergence,Delta_Previous_Relative_Divergence,Max_Divergence,Expected_Return
2015-01-02,0.0,0.0,0.0,100.0,0.0,0.0,0.0
2015-02-02,-2.44,-0.35,-2.09,62.24,-37.76,3.43,1.3
2015-03-03,-2.06,4.16,-6.22,33.99,-28.25,3.43,2.26
2015-03-31,-2.84,1.77,-4.61,45.01,11.02,3.43,1.89
2015-04-29,-3.88,3.8,-7.68,24.01,-21.0,3.43,2.61
2015-05-28,-6.49,4.7,-11.19,0.0,-24.01,3.43,3.43
2015-06-25,-4.71,3.4,-8.11,21.07,21.07,3.43,2.71
2015-07-24,5.21,2.43,2.78,92.95,71.88,3.84,0.27
2015-08-21,-2.37,-2.77,0.4,77.11,-15.84,3.84,0.88
2015-09-21,-2.72,-3.24,0.52,77.91,0.8,3.84,0.85
2015-10-19,-7.72,0.19,-7.91,21.82,-56.09,3.84,3.0
2015-11-16,-3.36,1.28,-4.64,43.58,21.76,3.84,2.17
2015-12-15,3.6,0.99,2.61,91.82,48.24,3.84,0.31
2016-01-14,7.16,-5.5,12.66,100.0,8.18,12.66,0.0
2016-02-12,2.39,-8.03,10.42,81.18,-18.82,15.43,2.9
2016-03-14,14.2,-0.19,14.39,96.09,14.91,15.43,0.6
2016-04-12,20.28,1.51,18.77,100.0,3.91,18.77,0.0
2016-05-10,20.31,2.72,17.59,90.9,-9.1,20.47,1.86
2016-06-08,23.24,4.64,18.6,94.09,3.19,20.47,1.21
2016-07-07,29.22,3.22,26.0,100.0,5.91,26.0,0.0
2016-08-04,32.44,6.55,25.89,95.59,-4.41,27.6,1.22
2016-09-01,31.43,6.98,24.45,91.88,-3.71,27.6,2.24
2016-09-30,38.13,6.55,31.58,100.0,8.12,31.58,0.0
2016-10-28,26.74,4.59,22.15,77.07,-22.93,32.07,7.35
2016-11-28,22.93,8.53,14.4,59.15,-17.92,32.07,13.1
2016-12-27,21.21,11.22,9.99,48.96,-10.19,32.07,16.37
2017-01-26,30.13,12.65,17.48,66.27,17.31,32.07,10.82
2017-02-24,39.19,16.21,22.98,78.99,12.72,32.07,6.74
2017-03-24,42.86,14.65,28.21,91.08,12.09,32.07,2.86
2017-04-24,54.58,16.11,38.47,100.0,8.92,38.47,0.0
2017-05-22,67.23,17.16,50.07,100.0,0.0,50.07,0.0
2017-06-20,75.71,19.3,56.41,100.0,0.0,56.41,0.0
2017-07-19,80.06,20.55,59.51,100.0,0.0,59.51,0.0
2017-08-16,83.58,20.37,63.21,100.0,0.0,63.21,0.0
2017-09-14,92.47,21.78,70.69,97.42,-2.58,72.86,1.88
2017-10-12,100.43,23.78,76.65,99.57,2.15,77.03,0.33
2017-11-09,114.78,25.33,89.45,99.18,-0.39,90.28,0.74
2017-12-08,108.24,28.66,79.58,84.68,-14.5,96.0,14.71
2018-01-09,117.28,32.87,84.41,89.19,4.51,96.0,10.38
2018-02-07,117.44,29.27,88.17,82.86,-6.33,108.72,18.63
2018-03-08,134.36,32.18,102.18,94.55,11.69,108.72,5.93
2018-04-06,114.11,25.03,89.08,83.62,-10.93,108.72,17.81
2018-05-04,147.56,27.87,119.69,96.68,13.06,124.18,4.12
2018-06-04,155.86,31.88,123.98,99.06,2.38,125.26,1.18
2018-07-02,160.17,30.25,129.92,98.86,-0.2,131.55,1.5
2018-07-31,170.87,34.73,136.14,91.04,-7.82,150.64,13.5
2018-08-28,189.15,38.61,150.54,99.85,8.81,150.79,0.23
2018-09-26,200.85,38.34,162.51,99.19,-0.66,163.93,1.33
2018-10-24,154.03,26.38,127.65,79.03,-20.16,164.5,34.5
2018-11-21,157.39,26.07,131.32,81.11,2.08,164.5,31.07
2018-12-21,132.51,14.29,118.22,73.66,-7.45,164.5,43.33
2019-01-23,175.16,24.93,150.23,91.88,18.22,164.5,13.36
2019-02-21,184.3,31.47,152.83,93.36,1.48,164.5,10.92
2019-03-21,197.54,34.52,163.02,99.16,5.8,164.5,1.38
2019-04-18,170.66,36.81,133.85,82.55,-16.61,164.5,28.71
2019-05-17,150.22,34.65,115.57,72.15,-10.4,164.5,45.81
2019-06-17,157.92,36.1,121.82,75.71,3.56,164.5,39.96
2019-07-16,161.13,40.67,120.46,74.93,-0.78,164.5,41.24
2019-08-13,161.32,37.04,124.28,77.11,2.18,164.5,37.65
2019-09-11,162.74,40.46,122.28,75.97,-1.14,164.5,39.53
2019-10-09,157.35,35.98,121.37,75.45,-0.52,164.5,40.38
2019-11-06,176.27,43.13,133.14,82.15,6.7,164.5,29.36
2019-12-05,188.36,45.14,143.22,87.89,5.74,164.5,19.92
2020-01-06,194.57,50.24,144.33,88.52,0.63,164.5,18.88
2020-02-04,182.71,52.49,130.22,80.49,-8.03,164.5,32.09
2020-03-04,185.93,44.68,141.25,86.77,6.28,164.5,21.76
2020-04-01,124.03,13.74,110.29,69.14,-17.63,164.5,50.76
2020-04-30,149.74,34.32,115.42,72.06,2.92,164.5,45.96
2020-05-29,182.52,40.47,142.05,87.22,15.16,164.5,21.02
2020-06-26,166.78,38.89,127.89,79.16,-8.06,164.5,34.28
2020-07-27,231.24,48.57,182.67,99.65,20.49,183.36,0.64
2020-08-24,234.85,57.32,177.53,95.3,-4.35,186.84,8.78
2020-09-22,219.18,51.8,167.38,83.4,-11.9,202.91,33.68
2020-10-20,249.82,56.79,193.03,95.39,11.99,202.91,9.35
2020-11-17,256.07,64.37,191.7,93.41,-1.98,206.02,13.58
2020-12-16,262.58,68.34,194.24,94.58,1.17,206.02,11.17
2021-01-15,266.86,70.52,196.34,90.23,-4.35,218.81,21.38
2021-02-16,271.7,77.66,194.04,89.23,-1.0,218.81,23.57
2021-03-16,239.65,78.86,160.79,74.77,-14.46,218.81,55.21
2021-04-14,265.82,85.35,180.47,83.33,8.56,218.81,36.48
2021-05-12,276.3,82.17,194.13,86.02,2.69,227.51,31.81
2021-06-10,296.59,89.81,206.78,91.32,5.3,227.51,19.75
2021-07-09,337.0,94.62,242.38,99.01,7.69,244.91,2.42
2021-08-06,371.36,97.23,274.13,100.0,0.99,274.13,0.0
2021-09-03,388.3,101.38,286.92,99.96,-0.04,287.03,0.11
2021-10-04,340.28,90.07,250.21,86.0,-13.96,292.78,40.99
2021-11-01,381.08,103.4,277.68,95.03,9.03,292.78,14.55
2021-11-30,339.49,101.47,238.02,81.99,-13.04,292.78,52.73
2021-12-29,392.88,110.49,282.39,96.58,14.59,292.78,10.01
2022-01-27,253.06,89.59,163.47,57.46,-39.12,292.78,124.55
2022-02-25,292.78,91.86,200.92,69.78,12.32,292.78,88.48
2022-03-25,282.36,97.91,184.45,64.36,-5.42,292.78,104.35
2022-04-25,238.69,86.8,151.89,53.65,-10.71,292.78,135.7
2022-05-23,193.14,72.64,120.5,43.32,-10.33,292.78,165.95
2022-06-22,171.43,63.12,108.31,39.31,-4.01,292.78,177.69
2022-07-21,186.44,72.71,113.73,41.1,1.79,292.78,172.45
2022-08-18,189.06,84.98,104.08,37.92,-3.18,292.78,181.76
2022-09-16,170.73,66.91,103.82,37.84,-0.08,292.78,181.99
2022-10-14,153.38,53.85,99.53,36.42,-1.42,292.78,186.15
2022-11-11,198.06,71.06,127.0,45.46,9.04,292.78,159.68
2022-12-12,205.39,70.93,134.46,47.92,2.46,292.78,152.48
2023-01-11,192.71,69.09,123.62,44.35,-3.57,292.78,162.93
2023-02-09,178.54,73.66,104.88,38.18,-6.17,292.78,181.0
2023-03-10,161.45,64.3,97.15,35.64,-2.54,292.78,188.43
2023-04-10,189.05,73.97,115.08,41.54,5.9,292.78,171.16
2023-05-08,224.69,74.9,149.79,52.96,11.42,292.78,137.72
2023-06-06,234.01,81.01,153.0,54.02,1.06,292.78,134.62
2023-07-06,244.73,85.42,159.31,56.09,2.07,292.78,128.56
2023-08-03,228.03,88.91,139.12,49.45,-6.64,292.78,148.0
2023-08-31,229.18,89.57,139.61,49.61,0.16,292.78,147.53
2023-09-29,211.34,79.47,131.87,47.06,-2.55,292.78,155.0
2023-10-27,183.08,72.07,111.01,40.2,-6.86,292.78,175.08
2023-11-27,227.83,90.05,137.78,49.01,8.81,292.78,149.29
2023-12-26,244.96,98.44,146.52,51.88,2.87,292.78,140.89
2024-01-25,274.27,103.14,171.13,59.98,8.1,292.78,117.17
2024-02-23,284.91,110.9,174.01,60.93,0.95,292.78,114.39
2024-03-22,287.01,115.96,171.05,59.95,-0.98,292.78,117.26
2024-04-22,265.48,106.36,159.12,56.03,-3.92,292.78,128.74
2024-05-20,289.11,118.46,170.65,59.82,3.79,292.78,117.64
2024-06-18,315.64,125.56,190.08,66.21,6.39,292.78,98.93
2024-07-18,299.18,126.6,172.58,60.46,-5.75,292.78,115.77
2024-08-15,348.49,126.23,222.26,76.8,16.34,292.78,67.92
2024-09-13,354.54,129.28,225.26,77.79,0.99,292.78,65.03
2024-09-17,350.41,129.06,221.35,76.5,0.05,292.78,68.8
