Date,rate_BA_5D,rate_VOO_20D,Divergence,Relative_Divergence,Delta_Previous_Relative_Divergence,Max_Divergence,Expected_Return
2015-01-02,0.0,0.0,0.0,100.0,0.0,0.0,0.0
2015-02-02,12.3,-0.35,12.65,99.19,-0.81,13.81,0.11
2015-03-03,19.22,4.16,15.06,98.52,-0.67,17.23,0.26
2015-03-31,15.02,1.77,13.25,97.29,-1.23,17.23,0.47
2015-04-29,11.86,3.8,8.06,93.75,-3.54,17.23,1.08
2015-05-28,8.84,4.7,4.14,91.08,-2.67,17.23,1.54
2015-06-25,8.85,3.4,5.45,91.97,0.89,17.23,1.38
2015-07-24,10.0,2.43,7.57,93.42,1.45,17.23,1.13
2015-08-21,0.48,-2.77,3.25,90.47,-2.95,17.23,1.64
2015-09-21,3.78,-3.24,7.02,93.04,2.57,17.23,1.2
2015-10-19,5.6,0.19,5.41,91.94,-1.1,17.23,1.39
2015-11-16,10.05,1.28,8.77,94.23,2.29,17.23,0.99
2015-12-15,11.55,0.99,10.56,95.45,1.22,17.23,0.78
2016-01-14,-1.69,-5.5,3.81,90.85,-4.6,17.23,1.58
2016-02-12,-17.28,-8.03,-9.25,81.95,-8.9,17.23,3.11
2016-03-14,-3.73,-0.19,-3.54,85.85,3.9,17.23,2.44
2016-04-12,-1.32,1.51,-2.83,86.33,0.48,17.23,2.36
2016-05-10,2.67,2.72,-0.05,88.22,1.89,17.23,2.03
2016-06-08,1.38,4.64,-3.26,86.04,-2.18,17.23,2.41
2016-07-07,-3.05,3.22,-6.27,83.99,-2.05,17.23,2.76
2016-08-04,0.02,6.55,-6.53,83.81,-0.18,17.23,2.79
2016-09-01,-0.98,6.98,-7.96,82.83,-0.98,17.23,2.96
2016-09-30,0.42,6.55,-6.13,84.08,1.25,17.23,2.74
2016-10-28,8.99,4.59,4.4,91.26,7.18,17.23,1.51
2016-11-28,14.07,8.53,5.54,92.03,0.77,17.23,1.37
2016-12-27,19.8,11.22,8.58,94.11,2.08,17.23,1.01
2017-01-26,28.48,12.65,15.83,99.05,4.94,17.23,0.16
2017-02-24,34.59,16.21,18.38,100.0,0.95,18.38,0.0
2017-03-24,33.06,14.65,18.41,97.86,-2.14,21.64,0.46
2017-04-24,37.51,16.11,21.4,99.84,1.98,21.64,0.03
2017-05-22,38.42,17.16,21.26,98.36,-1.48,23.77,0.39
2017-06-20,49.12,19.3,29.82,100.0,1.64,29.82,0.0
2017-07-19,58.15,20.55,37.6,100.0,0.0,37.6,0.0
2017-08-16,77.57,20.37,57.2,97.81,-2.19,61.39,1.34
2017-09-14,82.67,21.78,60.89,99.74,1.93,61.39,0.16
2017-10-12,94.4,23.78,70.62,100.0,0.26,70.62,0.0
2017-11-09,94.28,25.33,68.95,98.13,-1.87,72.73,1.36
2017-12-08,110.65,28.66,81.99,100.0,1.87,81.99,0.0
2018-01-09,133.67,32.87,100.8,100.0,0.0,100.8,0.0
2018-02-07,154.32,29.27,125.05,100.0,0.0,125.05,0.0
2018-03-08,153.65,32.18,121.47,95.3,-4.7,133.86,6.29
2018-04-06,136.22,25.03,111.19,91.39,-3.91,133.86,11.53
2018-05-04,141.24,27.87,113.37,92.22,0.83,133.86,10.41
2018-06-04,159.08,31.88,127.2,97.47,5.25,133.86,3.39
2018-07-02,140.39,30.25,110.14,90.99,-6.48,133.86,12.06
2018-07-31,154.85,34.73,120.12,94.78,3.79,133.86,6.99
2018-08-28,150.16,38.61,111.55,91.53,-3.25,133.86,11.34
2018-09-26,158.93,38.34,120.59,94.96,3.43,133.86,6.75
2018-10-24,150.47,26.38,124.09,94.8,-0.16,138.0,7.18
2018-11-21,123.18,26.07,97.11,84.71,-10.09,138.0,21.1
2018-12-21,113.34,14.29,99.05,85.44,0.73,138.0,20.09
2019-01-23,150.26,24.93,125.33,95.26,9.82,138.0,6.54
2019-02-21,190.17,31.47,158.7,99.22,3.96,160.98,1.26
2019-03-21,157.84,34.52,123.32,83.37,-15.85,173.74,28.89
2019-04-18,161.84,36.81,125.03,83.94,0.57,173.74,27.9
2019-05-17,143.6,34.65,108.95,78.63,-5.31,173.74,37.13
2019-06-17,142.61,36.1,106.51,77.83,-0.8,173.74,38.52
2019-07-16,147.03,40.67,106.36,77.78,-0.05,173.74,38.61
2019-08-13,125.86,37.04,88.82,72.0,-5.78,173.74,48.65
2019-09-11,158.86,40.46,118.4,81.75,9.75,173.74,31.71
2019-10-09,152.49,35.98,116.51,81.13,-0.62,173.74,32.78
2019-11-06,137.64,43.13,94.51,73.87,-7.26,173.74,45.4
2019-12-05,131.1,45.14,85.96,71.05,-2.82,173.74,50.3
2020-01-06,122.35,50.24,72.11,66.49,-4.56,173.74,58.22
2020-02-04,111.13,52.49,58.64,62.04,-4.45,173.74,65.95
2020-03-04,87.46,44.68,42.78,56.81,-5.23,173.74,75.04
2020-04-01,-13.36,13.74,-27.1,33.77,-23.04,173.74,115.07
2020-04-30,-6.52,34.32,-40.84,29.24,-4.53,173.74,122.94
2020-05-29,-3.23,40.47,-43.7,28.3,-0.94,173.74,124.57
2020-06-26,12.76,38.89,-26.13,34.09,5.79,173.74,114.51
2020-07-27,12.78,48.57,-35.79,30.91,-3.18,173.74,120.04
2020-08-24,18.06,57.32,-39.26,29.76,-1.15,173.74,122.03
2020-09-22,3.76,51.8,-48.04,26.87,-2.89,173.74,127.06
2020-10-20,10.6,56.79,-46.19,27.48,0.61,173.74,126.0
2020-11-17,38.91,64.37,-25.46,34.31,6.83,173.74,114.13
2020-12-16,49.09,68.34,-19.25,36.36,2.05,173.74,110.57
2021-01-15,34.66,70.52,-35.86,30.88,-5.48,173.74,120.09
2021-02-16,42.93,77.66,-34.73,31.25,0.37,173.74,119.45
2021-03-16,67.64,78.86,-11.22,39.01,7.76,173.74,105.96
2021-04-14,65.43,85.35,-19.92,36.14,-2.87,173.74,110.95
2021-05-12,44.86,82.17,-37.31,30.4,-5.74,173.74,120.92
2021-06-10,60.21,89.81,-29.6,32.95,2.55,173.74,116.49
2021-07-09,54.92,94.62,-39.7,29.62,-3.33,173.74,122.28
2021-08-06,48.42,97.23,-48.81,26.61,-3.01,173.74,127.51
2021-09-03,41.28,101.38,-60.1,22.89,-3.72,173.74,133.97
2021-10-04,43.98,90.07,-46.09,27.51,4.62,173.74,125.94
2021-11-01,38.94,103.4,-64.46,21.45,-6.06,173.74,136.47
2021-11-30,30.18,101.47,-71.29,19.2,-2.25,173.74,140.38
2021-12-29,33.06,110.49,-77.43,17.17,-2.03,173.74,143.91
2022-01-27,25.59,89.59,-64.0,21.6,4.43,173.74,136.21
2022-02-25,31.53,91.86,-60.33,22.81,1.21,173.74,134.11
2022-03-25,24.83,97.91,-73.08,18.61,-4.2,173.74,141.41
2022-04-25,17.88,86.8,-68.92,19.98,1.37,173.74,139.03
2022-05-23,-7.71,72.64,-80.35,16.21,-3.77,173.74,145.58
2022-06-22,-2.7,63.12,-65.82,21.0,4.79,173.74,137.25
2022-07-21,6.97,72.71,-65.74,21.03,0.03,173.74,137.2
2022-08-18,9.82,84.98,-75.16,17.92,-3.11,173.74,142.61
2022-09-16,-0.49,66.91,-67.4,20.48,2.56,173.74,138.16
2022-10-14,-6.5,53.85,-60.35,22.81,2.33,173.74,134.11
2022-11-11,17.66,71.06,-53.4,25.1,2.29,173.74,130.13
2022-12-12,22.35,70.93,-48.58,26.69,1.59,173.74,127.37
2023-01-11,34.06,69.09,-35.03,31.16,4.47,173.74,119.6
2023-02-09,36.03,73.66,-37.63,30.3,-0.86,173.74,121.1
2023-03-10,31.01,64.3,-33.29,31.73,1.43,173.74,118.61
2023-04-10,35.02,73.97,-38.95,29.86,-1.87,173.74,121.86
2023-05-08,27.51,74.9,-47.39,27.08,-2.78,173.74,126.69
2023-06-06,32.79,81.01,-48.22,26.81,-0.27,173.74,127.16
2023-07-06,35.51,85.42,-49.91,26.25,-0.56,173.74,128.13
2023-08-03,45.44,88.91,-43.47,28.37,2.12,173.74,124.45
2023-08-31,41.47,89.57,-48.1,26.85,-1.52,173.74,127.09
2023-09-29,23.74,79.47,-55.73,24.33,-2.52,173.74,131.47
2023-10-27,17.14,72.07,-54.93,24.59,0.26,173.74,131.02
2023-11-27,38.48,90.05,-51.57,25.7,1.11,173.74,129.09
2023-12-26,61.79,98.44,-36.65,30.62,4.92,173.74,120.54
2024-01-25,28.61,103.14,-74.53,18.13,-12.49,173.74,142.24
2024-02-23,27.88,110.9,-83.02,15.33,-2.8,173.74,147.11
2024-03-22,20.68,115.96,-95.28,11.29,-4.04,173.74,154.12
2024-04-22,10.14,106.36,-96.22,10.98,-0.31,173.74,154.66
2024-05-20,16.23,118.46,-102.23,9.0,-1.98,173.74,158.1
2024-06-18,11.61,125.56,-113.95,5.13,-3.87,173.74,164.83
2024-07-18,13.58,126.6,-113.02,5.44,0.31,173.74,164.29
2024-08-15,12.03,126.23,-114.2,5.05,-0.39,173.74,164.97
2024-09-13,4.05,129.28,-125.23,1.41,-3.64,173.74,171.29
2024-09-20,3.08,132.53,-129.45,0.02,-4.15,173.74,173.71
