Date,rate_HON_5D,rate_VOO_20D,Divergence,Relative_Divergence,Delta_Previous_Relative_Divergence,Max_Divergence,Expected_Return
2015-01-02,0.0,0.0,0.0,100.0,0.0,0.0,0.0
2015-02-02,0.8,-0.35,1.15,98.19,-1.81,2.28,0.04
2015-03-03,5.01,4.16,0.85,97.71,-0.48,2.28,0.05
2015-03-31,5.29,1.77,3.52,100.0,2.29,3.52,0.0
2015-04-29,2.65,3.8,-1.15,92.67,-7.33,3.52,0.26
2015-05-28,6.6,4.7,1.9,97.46,4.79,3.52,0.09
2015-06-25,4.19,3.4,0.79,95.71,-1.75,3.52,0.15
2015-07-24,3.56,2.43,1.13,96.25,0.54,3.52,0.13
2015-08-21,-0.41,-2.77,2.36,96.89,0.64,4.37,0.14
2015-09-21,-1.54,-3.24,1.7,95.86,-1.03,4.37,0.18
2015-10-19,-2.08,0.19,-2.27,89.71,-6.15,4.37,0.45
2015-11-16,3.69,1.28,2.41,96.96,7.25,4.37,0.13
2015-12-15,-0.87,0.99,-1.86,90.35,-6.61,4.37,0.42
2016-01-14,-0.63,-5.5,4.87,99.85,9.5,4.97,0.01
2016-02-12,4.11,-8.03,12.14,100.0,0.15,12.14,0.0
2016-03-14,9.11,-0.19,9.3,94.54,-5.46,13.31,0.73
2016-04-12,13.53,1.51,12.02,98.24,3.7,13.31,0.23
2016-05-10,15.32,2.72,12.6,99.03,0.79,13.31,0.13
2016-06-08,16.32,4.64,11.68,97.74,-1.29,13.34,0.3
2016-07-07,16.22,3.22,13.0,97.55,-0.19,14.84,0.36
2016-08-04,15.92,6.55,9.37,92.71,-4.84,14.84,1.08
2016-09-01,15.96,6.98,8.98,92.19,-0.52,14.84,1.16
2016-09-30,16.42,6.55,9.87,93.38,1.19,14.84,0.98
2016-10-28,10.13,4.59,5.54,87.6,-5.78,14.84,1.84
2016-11-28,14.08,8.53,5.55,87.62,0.02,14.84,1.84
2016-12-27,17.15,11.22,5.93,88.12,0.5,14.84,1.76
2017-01-26,17.95,12.65,5.3,87.28,-0.84,14.84,1.89
2017-02-24,24.85,16.21,8.64,91.74,4.46,14.84,1.23
2017-03-24,24.38,14.65,9.73,93.19,1.45,14.84,1.01
2017-04-24,29.18,16.11,13.07,97.64,4.45,14.84,0.35
2017-05-22,30.98,17.16,13.82,98.64,1.0,14.84,0.2
2017-06-20,33.78,19.3,14.48,99.52,0.88,14.84,0.07
2017-07-19,34.75,20.55,14.2,98.9,-0.62,15.03,0.17
2017-08-16,36.38,20.37,16.01,97.82,-1.08,17.71,0.39
2017-09-14,35.25,21.78,13.47,94.56,-3.26,17.71,0.96
2017-10-12,40.83,23.78,17.05,98.37,3.81,18.33,0.3
2017-11-09,42.72,25.33,17.39,97.38,-0.99,19.48,0.51
2017-12-08,50.41,28.66,21.75,96.81,-0.57,24.45,0.78
2018-01-09,52.33,32.87,19.46,94.1,-2.71,24.45,1.44
2018-02-07,47.25,29.27,17.98,92.35,-1.75,24.45,1.87
2018-03-08,46.96,32.18,14.78,88.57,-3.78,24.45,2.79
2018-04-06,38.43,25.03,13.4,86.94,-1.63,24.45,3.19
2018-05-04,39.26,27.87,11.39,84.57,-2.37,24.45,3.77
2018-06-04,44.99,31.88,13.11,86.6,2.03,24.45,3.28
2018-07-02,39.56,30.25,9.31,82.11,-4.49,24.45,4.37
2018-07-31,53.85,34.73,19.12,93.7,11.59,24.45,1.54
2018-08-28,53.93,38.61,15.32,89.21,-4.49,24.45,2.64
2018-09-26,58.97,38.34,20.63,95.49,6.28,24.45,1.1
2018-10-24,40.56,26.38,14.18,87.86,-7.63,24.45,2.97
2018-11-21,43.51,26.07,17.44,91.72,3.86,24.45,2.02
2018-12-21,28.64,14.29,14.35,88.07,-3.65,24.45,2.92
2019-01-23,39.64,24.93,14.71,88.49,0.42,24.45,2.81
2019-02-21,51.1,31.47,19.63,94.3,5.81,24.45,1.39
2019-03-21,56.51,34.52,21.99,97.09,2.79,24.45,0.71
2019-04-18,66.58,36.81,29.77,100.0,2.91,29.77,0.0
2019-05-17,67.01,34.65,32.36,99.28,-0.72,33.03,0.24
2019-06-17,68.94,36.1,32.84,98.67,-0.61,34.09,0.45
2019-07-16,70.84,40.67,30.17,95.13,-3.54,34.8,1.69
2019-08-13,63.78,37.04,26.74,91.51,-3.62,34.8,2.95
2019-09-11,66.59,40.46,26.13,90.87,-0.64,34.8,3.18
2019-10-09,55.1,35.98,19.12,83.49,-7.38,34.8,5.75
2019-11-06,74.97,43.13,31.84,96.88,13.39,34.8,1.09
2019-12-05,67.97,45.14,22.83,87.4,-9.48,34.8,4.38
2020-01-06,70.89,50.24,20.65,85.1,-2.3,34.8,5.19
2020-02-04,68.26,52.49,15.77,79.96,-5.14,34.8,6.97
2020-03-04,64.02,44.68,19.34,83.72,3.76,34.8,5.67
2020-04-01,24.14,13.74,10.4,74.31,-9.41,34.8,8.94
2020-04-30,35.79,34.32,1.47,64.91,-9.4,34.8,12.21
2020-05-29,39.37,40.47,-1.1,62.2,-2.71,34.8,13.15
2020-06-26,31.83,38.89,-7.06,55.93,-6.27,34.8,15.34
2020-07-27,43.56,48.57,-5.01,58.09,2.16,34.8,14.58
2020-08-24,51.49,57.32,-5.83,57.22,-0.87,34.8,14.89
2020-09-22,54.29,51.8,2.49,65.98,8.76,34.8,11.84
2020-10-20,63.97,56.79,7.18,70.92,4.94,34.8,10.12
2020-11-17,93.86,64.37,29.49,94.41,23.49,34.8,1.95
2020-12-16,97.99,68.34,29.65,93.89,-0.52,35.5,2.17
2021-01-15,93.35,70.52,22.83,86.76,-7.13,35.5,4.7
2021-02-16,90.47,77.66,12.81,76.29,-10.47,35.5,8.42
2021-03-16,97.75,78.86,18.89,82.64,6.35,35.5,6.16
2021-04-14,113.53,85.35,28.18,92.35,9.71,35.5,2.72
2021-05-12,104.23,82.17,22.06,85.95,-6.4,35.5,4.99
2021-06-10,109.36,89.81,19.55,83.33,-2.62,35.5,5.92
2021-07-09,107.0,94.62,12.38,75.84,-7.49,35.5,8.58
2021-08-06,111.3,97.23,14.07,77.6,1.76,35.5,7.95
2021-09-03,109.47,101.38,8.09,71.35,-6.25,35.5,10.17
2021-10-04,95.96,90.07,5.89,69.05,-2.3,35.5,10.99
2021-11-01,100.48,103.4,-2.92,59.85,-9.2,35.5,14.25
2021-11-30,84.49,101.47,-16.98,45.15,-14.7,35.5,19.47
2021-12-29,88.85,110.49,-21.64,40.28,-4.87,35.5,21.2
2022-01-27,82.12,89.59,-7.47,55.09,14.81,35.5,15.94
2022-02-25,70.72,91.86,-21.14,40.8,-14.29,35.5,21.02
2022-03-25,78.69,97.91,-19.22,42.81,2.01,35.5,20.3
2022-04-25,72.89,86.8,-13.91,48.36,5.55,35.5,18.33
2022-05-23,70.48,72.64,-2.16,60.64,12.28,35.5,13.97
2022-06-22,59.46,63.12,-3.66,59.07,-1.57,35.5,14.53
2022-07-21,61.22,72.71,-11.49,50.89,-8.18,35.5,17.43
2022-08-18,82.03,84.98,-2.95,59.81,8.92,35.5,14.27
2022-09-16,58.13,66.91,-8.78,53.72,-6.09,35.5,16.43
2022-10-14,55.0,53.85,1.15,64.1,10.38,35.5,12.74
2022-11-11,88.89,71.06,17.83,81.53,17.43,35.5,6.56
2022-12-12,89.99,70.93,19.06,82.82,1.29,35.5,6.1
2023-01-11,87.59,69.09,18.5,82.23,-0.59,35.5,6.31
2023-02-09,75.63,73.66,1.97,64.96,-17.27,35.5,12.44
2023-03-10,70.08,64.3,5.78,68.94,3.98,35.5,11.03
2023-04-10,68.29,73.97,-5.68,56.96,-11.98,35.5,15.28
2023-05-08,72.54,74.9,-2.36,60.43,3.47,35.5,14.05
2023-06-06,71.65,81.01,-9.36,53.11,-7.32,35.5,16.65
2023-07-06,77.96,85.42,-7.46,55.1,1.99,35.5,15.94
2023-08-03,65.85,88.91,-23.06,38.8,-16.3,35.5,21.73
2023-08-31,63.61,89.57,-25.96,35.77,-3.03,35.5,22.8
2023-09-29,60.52,79.47,-18.95,43.09,7.32,35.5,20.2
2023-10-27,53.52,72.07,-18.55,43.51,0.42,35.5,20.05
2023-11-27,67.06,90.05,-22.99,38.87,-4.64,35.5,21.7
2023-12-26,79.75,98.44,-18.69,43.36,4.49,35.5,20.11
2024-01-25,74.64,103.14,-28.5,33.11,-10.25,35.5,23.75
2024-02-23,72.64,110.9,-38.26,22.91,-10.2,35.5,27.37
2024-03-22,72.38,115.96,-43.58,17.35,-5.56,35.5,29.34
2024-04-22,67.62,106.36,-38.74,22.41,5.06,35.5,27.54
2024-05-20,75.04,118.46,-43.42,17.52,-4.89,35.5,29.28
2024-06-18,81.73,125.56,-43.83,17.09,-0.43,35.5,29.43
2024-07-18,85.43,126.6,-41.17,19.87,2.78,35.5,28.45
2024-08-15,68.74,126.23,-57.49,2.81,-17.06,35.5,34.5
2024-09-13,73.23,129.28,-56.05,4.32,1.51,35.5,33.97
2024-09-20,72.56,132.53,-59.97,0.22,-2.81,35.5,35.42
