Date,rate_EXPE_5D,rate_VOO_20D,Divergence,Relative_Divergence,Delta_Previous_Relative_Divergence,Max_Divergence,Expected_Return
2015-01-02,0.0,0.0,0.0,100.0,0.0,0.0,0.0
2015-02-02,1.63,-0.35,1.98,99.3,-0.7,2.77,0.02
2015-03-03,7.18,4.16,3.02,96.27,-3.03,7.4,0.28
2015-03-31,10.84,1.77,9.07,99.67,3.4,9.46,0.03
2015-04-29,13.22,3.8,9.42,96.57,-3.1,13.66,0.47
2015-05-28,28.28,4.7,23.58,96.99,0.42,27.73,0.83
2015-06-25,28.07,3.4,24.67,97.78,0.79,27.73,0.62
2015-07-24,23.64,2.43,21.21,95.27,-2.51,27.73,1.31
2015-08-21,33.57,-2.77,36.34,94.76,-0.51,44.43,2.33
2015-09-21,47.03,-3.24,50.27,99.2,4.44,51.57,0.41
2015-10-19,51.41,0.19,51.22,99.78,0.58,51.57,0.11
2015-11-16,41.75,1.28,40.47,90.77,-9.01,55.78,5.15
2015-12-15,50.26,0.99,49.27,96.07,5.3,55.78,2.19
2016-01-14,23.92,-5.5,29.42,84.11,-11.96,55.78,8.86
2016-02-12,17.54,-8.03,25.57,81.78,-2.33,55.78,10.16
2016-03-14,33.56,-0.19,33.75,86.72,4.94,55.78,7.41
2016-04-12,19.81,1.51,18.3,77.4,-9.32,55.78,12.61
2016-05-10,31.5,2.72,28.78,83.72,6.32,55.78,9.08
2016-06-08,25.57,4.64,20.93,78.99,-4.73,55.78,11.72
2016-07-07,22.57,3.22,19.35,78.03,-0.96,55.78,12.25
2016-08-04,29.08,6.55,22.53,79.95,1.92,55.78,11.18
2016-09-01,28.4,6.98,21.42,79.28,-0.67,55.78,11.56
2016-09-30,32.48,6.55,25.93,82.0,2.72,55.78,10.04
2016-10-28,49.1,4.59,44.51,93.2,11.2,55.78,3.79
2016-11-28,42.27,8.53,33.74,86.71,-6.49,55.78,7.41
2016-12-27,28.1,11.22,16.88,76.54,-10.17,55.78,13.09
2017-01-26,36.42,12.65,23.77,80.7,4.16,55.78,10.77
2017-02-24,33.81,16.21,17.6,76.98,-3.72,55.78,12.84
2017-03-24,43.17,14.65,28.52,83.56,6.58,55.78,9.17
2017-04-24,49.97,16.11,33.86,86.78,3.22,55.78,7.37
2017-05-22,58.89,17.16,41.73,91.53,4.75,55.78,4.72
2017-06-20,64.17,19.3,44.87,93.42,1.89,55.78,3.67
2017-07-19,72.29,20.55,51.74,97.56,4.14,55.78,1.36
2017-08-16,64.36,20.37,43.99,92.63,-4.93,56.25,4.15
2017-09-14,57.93,21.78,36.15,87.91,-4.72,56.25,6.8
2017-10-12,62.53,23.78,38.75,89.48,1.57,56.25,5.92
2017-11-09,28.61,25.33,3.28,68.15,-21.33,56.25,17.92
2017-12-08,28.61,28.66,-0.05,66.15,-2.0,56.25,19.04
2018-01-09,39.0,32.87,6.13,69.86,3.71,56.25,16.95
2018-02-07,40.94,29.27,11.67,73.19,3.33,56.25,15.08
2018-03-08,20.13,32.18,-12.05,58.93,-14.26,56.25,23.1
2018-04-06,16.98,25.03,-8.05,61.34,2.41,56.25,21.75
2018-05-04,19.61,27.87,-8.26,61.21,-0.13,56.25,21.82
2018-06-04,28.91,31.88,-2.97,64.39,3.18,56.25,20.03
2018-07-02,31.85,30.25,1.6,67.14,2.75,56.25,18.48
2018-07-31,44.87,34.73,10.14,72.27,5.13,56.25,15.6
2018-08-28,42.1,38.61,3.49,68.28,-3.99,56.25,17.84
2018-09-26,41.92,38.34,3.58,68.33,0.05,56.25,17.81
2018-10-24,22.9,26.38,-3.48,64.09,-4.24,56.25,20.2
2018-11-21,21.46,26.07,-4.61,63.41,-0.68,56.25,20.58
2018-12-21,18.12,14.29,3.83,68.48,5.07,56.25,17.73
2019-01-23,24.95,24.93,0.02,66.19,-2.29,56.25,19.02
2019-02-21,36.98,31.47,5.51,69.49,3.3,56.25,17.16
2019-03-21,32.48,34.52,-2.04,64.95,-4.54,56.25,19.72
2019-04-18,32.72,36.81,-4.09,63.72,-1.23,56.25,20.41
2019-05-17,23.71,34.65,-10.94,59.6,-4.12,56.25,22.72
2019-06-17,35.01,36.1,-1.09,65.52,5.92,56.25,19.4
2019-07-16,44.62,40.67,3.95,68.55,3.03,56.25,17.69
2019-08-13,36.72,37.04,-0.32,65.99,-2.56,56.25,19.13
2019-09-11,37.97,40.46,-2.49,64.68,-1.31,56.25,19.87
2019-10-09,40.87,35.98,4.89,69.12,4.44,56.25,17.37
2019-11-06,42.5,43.13,-0.63,65.8,-3.32,56.25,19.24
2019-12-05,11.22,45.14,-33.92,45.78,-20.02,56.25,30.5
2020-01-06,14.34,50.24,-35.9,44.59,-1.19,56.25,31.17
2020-02-04,16.26,52.49,-36.23,44.39,-0.2,56.25,31.28
2020-03-04,2.05,44.68,-42.63,40.54,-3.85,56.25,33.45
2020-04-01,-45.09,13.74,-58.83,30.8,-9.74,56.25,38.93
2020-04-30,-25.03,34.32,-59.35,30.49,-0.31,56.25,39.1
2020-05-29,-15.85,40.47,-56.32,32.31,1.82,56.25,38.08
2020-06-26,-17.79,38.89,-56.68,32.1,-0.21,56.25,38.19
2020-07-27,-10.5,48.57,-59.07,30.66,-1.44,56.25,39.0
2020-08-24,1.3,57.32,-56.02,32.49,1.83,56.25,37.97
2020-09-22,-0.33,51.8,-52.13,34.83,2.34,56.25,36.66
2020-10-20,-1.37,56.79,-58.16,31.21,-3.62,56.25,38.69
2020-11-17,30.5,64.37,-33.87,45.81,14.6,56.25,30.48
2020-12-16,32.36,68.34,-35.98,44.54,-1.27,56.25,31.2
2021-01-15,48.74,70.52,-21.78,53.08,8.54,56.25,26.39
2021-02-16,56.04,77.66,-21.62,53.18,0.1,56.25,26.34
2021-03-16,85.71,78.86,6.85,70.3,17.12,56.25,16.71
2021-04-14,80.33,85.35,-5.02,63.16,-7.14,56.25,20.72
2021-05-12,69.68,82.17,-12.49,58.67,-4.49,56.25,23.25
2021-06-10,79.26,89.81,-10.55,59.83,1.16,56.25,22.6
2021-07-09,74.83,94.62,-19.79,54.28,-5.55,56.25,25.72
2021-08-06,54.85,97.23,-42.38,40.7,-13.58,56.25,33.36
2021-09-03,48.07,101.38,-53.31,34.12,-6.58,56.25,37.06
2021-10-04,76.86,90.07,-13.21,58.23,24.11,56.25,23.5
2021-11-01,72.78,103.4,-30.62,47.77,-10.46,56.25,29.38
2021-11-30,66.44,101.47,-35.03,45.11,-2.66,56.25,30.88
2021-12-29,86.58,110.49,-23.91,51.8,6.69,56.25,27.11
2022-01-27,76.09,89.59,-13.5,58.06,6.26,56.25,23.59
2022-02-25,105.07,91.86,13.21,74.12,16.06,56.25,14.56
2022-03-25,96.59,97.91,-1.32,65.38,-8.74,56.25,19.47
2022-04-25,90.57,86.8,3.77,68.44,3.06,56.25,17.75
2022-05-23,24.09,72.64,-48.55,36.99,-31.45,56.25,35.44
2022-06-22,9.93,63.12,-53.19,34.2,-2.79,56.25,37.01
2022-07-21,11.85,72.71,-60.86,29.58,-4.62,56.25,39.61
2022-08-18,17.27,84.98,-67.71,25.46,-4.12,56.25,41.93
2022-09-16,11.49,66.91,-55.42,32.85,7.39,56.25,37.77
2022-10-14,5.53,53.85,-48.32,37.12,4.27,56.25,35.37
2022-11-11,9.34,71.06,-61.72,29.07,-8.05,56.25,39.9
2022-12-12,7.05,70.93,-63.88,27.77,-1.3,56.25,40.63
2023-01-11,8.19,69.09,-60.9,29.56,1.79,56.25,39.62
2023-02-09,13.32,73.66,-60.34,29.9,0.34,56.25,39.43
2023-03-10,0.52,64.3,-63.78,27.83,-2.07,56.25,40.6
2023-04-10,-5.83,73.97,-79.8,18.19,-9.64,56.25,46.02
2023-05-08,-3.81,74.9,-78.71,18.85,0.66,56.25,45.65
2023-06-06,10.86,81.01,-70.15,24.0,5.15,56.25,42.75
2023-07-06,8.55,85.42,-76.87,19.96,-4.04,56.25,45.02
2023-08-03,0.69,88.91,-88.22,13.13,-6.83,56.25,48.86
2023-08-31,8.02,89.57,-81.55,17.14,4.01,56.25,46.61
2023-09-29,3.96,79.47,-75.51,20.77,3.63,56.25,44.57
2023-10-27,-4.01,72.07,-76.08,20.43,-0.34,56.25,44.76
2023-11-27,30.16,90.05,-59.89,30.17,9.74,56.25,39.28
2023-12-26,43.75,98.44,-54.69,33.29,3.12,56.25,37.52
2024-01-25,42.89,103.14,-60.25,29.95,-3.34,56.25,39.4
2024-02-23,29.94,110.9,-80.96,17.5,-12.45,56.25,46.41
2024-03-22,30.23,115.96,-85.73,14.63,-2.87,56.25,48.02
2024-04-22,25.92,106.36,-80.44,17.81,3.18,56.25,46.23
2024-05-20,12.0,118.46,-106.46,2.16,-15.65,56.25,55.04
2024-06-18,18.03,125.56,-107.53,1.52,-0.64,56.25,55.4
2024-07-18,23.32,126.6,-103.28,4.08,2.56,56.25,53.96
2024-08-15,22.49,126.23,-103.74,3.8,-0.28,56.25,54.11
2024-09-13,23.63,129.28,-105.65,2.65,-1.15,56.25,54.76
2024-09-17,24.4,129.06,-104.66,3.25,-0.12,56.25,54.42
