Date,rate_COP_5D,rate_VOO_20D,Divergence,Relative_Divergence,Delta_Previous_Relative_Divergence,Max_Divergence,Expected_Return
2015-01-02,0.0,0.0,0.0,100.0,0.0,0.0,0
2015-02-02,1.45,-0.35,1.8,100.0,0.0,1.8,0
2015-03-03,-0.12,4.16,-4.28,92.61,-7.39,4.2,0
2015-03-31,-4.01,1.77,-5.78,91.3,-1.31,4.2,0
2015-04-29,4.95,3.8,1.15,97.34,6.04,4.2,0
2015-05-28,-1.57,4.7,-6.27,90.88,-6.46,4.2,0
2015-06-25,-4.08,3.4,-7.48,89.82,-1.06,4.2,0
2015-07-24,-19.64,2.43,-22.07,77.11,-12.71,4.2,0
2015-08-21,-29.78,-2.77,-27.01,72.8,-4.31,4.2,0
2015-09-21,-24.34,-3.24,-21.1,77.95,5.15,4.2,0
2015-10-19,-16.47,0.19,-16.66,81.82,3.87,4.2,0
2015-11-16,-15.3,1.28,-16.58,81.89,0.07,4.2,0
2015-12-15,-21.09,0.99,-22.08,77.1,-4.79,4.2,0
2016-01-14,-36.04,-5.5,-30.54,69.73,-7.37,4.2,0
2016-02-12,-46.5,-8.03,-38.47,62.82,-6.91,4.2,0
2016-03-14,-36.84,-0.19,-36.65,64.4,1.58,4.2,0
2016-04-12,-31.95,1.51,-33.46,67.18,2.78,4.2,0
2016-05-10,-32.51,2.72,-35.23,65.64,-1.54,4.2,0
2016-06-08,-26.09,4.64,-30.73,69.56,3.92,4.2,0
2016-07-07,-33.83,3.22,-37.05,64.06,-5.5,4.2,0
2016-08-04,-35.43,6.55,-41.98,59.76,-4.3,4.2,0
2016-09-01,-34.47,6.98,-41.45,60.22,0.46,4.2,0
2016-09-30,-30.56,6.55,-37.11,64.0,3.78,4.2,0
2016-10-28,-28.25,4.59,-32.84,67.72,3.72,4.2,0
2016-11-28,-27.27,8.53,-35.8,65.14,-2.58,4.2,0
2016-12-27,-18.65,11.22,-29.87,70.31,5.17,4.2,0
2017-01-26,-19.84,12.65,-32.49,68.03,-2.28,4.2,0
2017-02-24,-24.67,16.21,-40.88,60.72,-7.31,4.2,0
2017-03-24,-28.61,14.65,-43.26,58.64,-2.08,4.2,0
2017-04-24,-23.13,16.11,-39.24,62.15,3.51,4.2,0
2017-05-22,-24.32,17.16,-41.48,60.2,-1.95,4.2,0
2017-06-20,-25.67,19.3,-44.97,57.15,-3.05,4.2,0
2017-07-19,-28.53,20.55,-49.08,53.57,-3.58,4.2,0
2017-08-16,-28.3,20.37,-48.67,53.93,0.36,4.2,0
2017-09-14,-25.03,21.78,-46.81,55.55,1.62,4.2,0
2017-10-12,-19.18,23.78,-42.96,58.91,3.36,4.2,0
2017-11-09,-13.72,25.33,-39.05,62.31,3.4,4.2,0
2017-12-08,-16.42,28.66,-45.08,57.06,-5.25,4.2,0
2018-01-09,-7.15,32.87,-40.02,61.47,4.41,4.2,0
2018-02-07,-10.44,29.27,-39.71,61.74,0.27,4.2,0
2018-03-08,-13.34,32.18,-45.52,56.67,-5.07,4.2,0
2018-04-06,-5.04,25.03,-30.07,70.14,13.47,4.2,0
2018-05-04,5.98,27.87,-21.89,77.27,7.13,4.2,0
2018-06-04,7.44,31.88,-24.44,75.04,-2.23,4.2,0
2018-07-02,8.38,30.25,-21.87,77.28,2.24,4.2,0
2018-07-31,13.58,34.73,-21.15,77.91,0.63,4.2,0
2018-08-28,13.32,38.61,-25.29,74.3,-3.61,4.2,0
2018-09-26,20.82,38.34,-17.52,81.07,6.77,4.2,0
2018-10-24,3.82,26.38,-22.56,76.68,-4.39,4.2,0
2018-11-21,3.46,26.07,-22.61,76.64,-0.04,4.2,0
2018-12-21,-4.84,14.29,-19.13,79.67,3.03,4.2,0
2019-01-23,3.96,24.93,-20.97,78.07,-1.6,4.2,0
2019-02-21,10.26,31.47,-21.21,77.86,-0.21,4.2,0
2019-03-21,7.15,34.52,-27.37,72.49,-5.37,4.2,0
2019-04-18,3.86,36.81,-32.95,67.63,-4.86,4.2,0
2019-05-17,-1.66,34.65,-36.31,64.7,-2.93,4.2,0
2019-06-17,-6.12,36.1,-42.22,59.55,-5.15,4.2,0
2019-07-16,-5.02,40.67,-45.69,56.53,-3.02,4.2,0
2019-08-13,-13.54,37.04,-50.58,52.27,-4.26,4.2,0
2019-09-11,-8.58,40.46,-49.04,53.61,1.34,4.2,0
2019-10-09,-11.81,35.98,-47.79,54.7,1.09,4.2,0
2019-11-06,-7.82,43.13,-50.95,51.94,-2.76,4.2,0
2019-12-05,-4.56,45.14,-49.7,53.03,1.09,4.2,0
2020-01-06,5.15,50.24,-45.09,57.05,4.02,4.2,0
2020-02-04,-9.46,52.49,-61.95,42.36,-14.69,4.2,0
2020-03-04,-20.28,44.68,-64.96,39.74,-2.62,4.2,0
2020-04-01,-47.0,13.74,-60.74,43.41,3.67,4.2,0
2020-04-30,-29.88,34.32,-64.2,40.4,-3.01,4.2,0
2020-05-29,-29.55,40.47,-70.02,35.33,-5.07,4.2,0
2020-06-26,-31.94,38.89,-70.83,34.62,-0.71,4.2,0
2020-07-27,-32.57,48.57,-81.14,25.64,-8.98,4.2,0
2020-08-24,-33.89,57.32,-91.21,16.86,-8.78,4.2,0
2020-09-22,-39.99,51.8,-91.79,16.36,-0.5,4.2,0
2020-10-20,-42.14,56.79,-98.93,10.13,-6.23,4.2,0
2020-11-17,-33.02,64.37,-97.39,11.48,1.35,4.2,0
2020-12-16,-27.94,68.34,-96.28,12.44,0.96,4.2,0
2021-01-15,-23.78,70.52,-94.3,14.17,1.73,4.2,0
2021-02-16,-18.28,77.66,-95.94,12.74,-1.43,4.2,0
2021-03-16,-7.17,78.86,-86.03,21.38,8.64,4.2,0
2021-04-14,-12.67,85.35,-98.02,10.93,-10.45,4.2,0
2021-05-12,-8.3,82.17,-90.47,17.51,6.58,4.2,0
2021-06-10,-1.86,89.81,-91.67,16.46,-1.05,4.2,0
2021-07-09,-1.92,94.62,-96.54,12.22,-4.24,4.2,0
2021-08-06,-7.09,97.23,-104.32,5.44,-6.78,4.2,0
2021-09-03,-7.42,101.38,-108.8,1.53,-3.91,4.2,0
2021-10-04,14.47,90.07,-75.6,30.46,28.93,4.2,0
2021-11-01,18.83,103.4,-84.57,22.65,-7.81,4.2,0
2021-11-30,12.41,101.47,-89.06,18.73,-3.92,4.2,0
2021-12-29,16.36,110.49,-94.13,14.32,-4.41,4.2,0
2022-01-27,40.34,89.59,-49.25,53.42,39.1,4.2,0
2022-02-25,42.42,91.86,-49.44,53.26,-0.16,4.2,0
2022-03-25,65.44,97.91,-32.47,68.05,14.79,4.2,0
2022-04-25,42.44,86.8,-44.36,57.69,-10.36,4.2,0
2022-05-23,67.01,72.64,-5.63,91.43,33.74,4.2,0
2022-06-22,43.84,63.12,-19.28,76.58,-14.85,8.63,0
2022-07-21,37.76,72.71,-34.95,63.44,-13.14,8.63,0
2022-08-18,60.23,84.98,-24.75,71.99,8.55,8.63,0
2022-09-16,71.62,66.91,4.71,96.71,24.72,8.63,0
2022-10-14,78.1,53.85,24.25,97.65,0.94,27.49,0
2022-11-11,100.3,71.06,29.24,92.32,-5.33,40.87,0
2022-12-12,68.52,70.93,-2.41,71.42,-20.9,40.87,0
2023-01-11,77.26,69.09,8.17,78.41,6.99,40.87,0
2023-02-09,65.2,73.66,-8.46,67.42,-10.99,40.87,0
2023-03-10,56.87,64.3,-7.43,68.1,0.68,40.87,0
2023-04-10,58.99,73.97,-14.98,63.12,-4.98,40.87,0
2023-05-08,51.65,74.9,-23.25,57.66,-5.46,40.87,0
2023-06-06,52.85,81.01,-28.16,54.41,-3.25,40.87,0
2023-07-06,50.35,85.42,-35.07,49.85,-4.56,40.87,0
2023-08-03,70.43,88.91,-18.48,60.81,10.96,40.87,0
2023-08-31,76.06,89.57,-13.51,64.09,3.28,40.87,0
2023-09-29,76.75,79.47,-2.72,71.21,7.12,40.87,0
2023-10-27,73.61,72.07,1.54,74.03,2.82,40.87,0
2023-11-27,69.09,90.05,-20.96,59.17,-14.86,40.87,0
2023-12-26,74.6,98.44,-23.84,57.27,-1.9,40.87,0
2024-01-25,64.62,103.14,-38.52,47.57,-9.7,40.87,0
2024-02-23,63.57,110.9,-47.33,41.76,-5.81,40.87,0
2024-03-22,79.11,115.96,-36.85,48.68,6.92,40.87,0
2024-04-22,87.35,106.36,-19.01,60.46,11.78,40.87,0
2024-05-20,75.4,118.46,-43.06,44.58,-15.88,40.87,0
2024-06-18,59.38,125.56,-66.18,29.31,-15.27,40.87,0
2024-07-18,68.91,126.6,-57.69,34.91,5.6,40.87,0
2024-08-15,61.3,126.23,-64.93,30.13,-4.78,40.87,0
2024-09-13,50.51,129.28,-78.77,20.99,-9.14,40.87,0
2024-09-23,58.93,133.1,-74.17,24.03,-3.82,40.87,0
