Date,rate_BTC-USD_5D,rate_VOO_20D,Divergence,Relative_Divergence,Delta_Previous_Relative_Divergence,Max_Divergence,Expected_Return
2015-01-02,0.0,0.0,0.0,100.0,0.0,0.0,0.0
2015-02-02,-13.95,-0.35,-13.6,53.4,-46.6,3.87,1.8
2015-03-03,1.8,4.16,-2.36,83.38,29.98,3.87,0.64
2015-03-31,-11.73,1.77,-13.5,50.49,-32.89,6.23,3.08
2015-04-29,-18.31,3.8,-22.11,28.88,-21.61,6.23,4.43
2015-05-28,-13.97,4.7,-18.67,37.52,8.64,6.23,3.89
2015-06-25,-11.83,3.4,-15.23,46.15,8.63,6.23,3.35
2015-07-24,4.74,2.43,2.31,90.16,44.01,6.23,0.61
2015-08-21,-15.52,-2.77,-12.75,52.37,-37.79,6.23,2.97
2015-09-21,-17.36,-3.24,-14.12,48.93,-3.44,6.23,3.18
2015-10-19,-4.0,0.19,-4.19,73.85,24.92,6.23,1.63
2015-11-16,20.27,1.28,18.99,66.06,-7.79,46.02,15.62
2015-12-15,68.82,0.99,67.83,100.0,33.94,67.83,0.0
2016-01-14,55.61,-5.5,61.11,91.33,-8.67,70.1,6.08
2016-02-12,38.64,-8.03,46.67,77.41,-13.92,70.1,15.84
2016-03-14,49.79,-0.19,49.98,80.6,3.19,70.1,13.6
2016-04-12,52.49,1.51,50.98,81.57,0.97,70.1,12.92
2016-05-10,61.17,2.72,58.45,88.77,7.2,70.1,7.87
2016-06-08,107.05,4.64,102.41,98.61,9.84,104.33,1.45
2016-07-07,126.89,3.22,123.67,77.2,-21.41,170.12,38.79
2016-08-04,103.96,6.55,97.41,64.31,-12.89,170.12,60.72
2016-09-01,101.01,6.98,94.03,62.65,-1.66,170.12,63.54
2016-09-30,114.13,6.55,107.58,69.3,6.65,170.12,52.23
2016-10-28,141.12,4.59,136.53,83.51,14.21,170.12,28.05
2016-11-28,155.99,8.53,147.46,88.88,5.37,170.12,18.92
2016-12-27,223.0,11.22,211.78,100.0,11.12,211.78,0.0
2017-01-26,215.77,12.65,203.12,74.05,-25.95,286.1,74.24
2017-02-24,301.61,16.21,285.4,99.78,25.73,286.1,0.63
2017-03-24,218.9,14.65,204.25,67.9,-31.88,316.72,101.67
2017-04-24,322.77,16.11,306.66,97.13,29.23,316.72,9.09
2017-05-22,630.41,17.16,613.25,100.0,2.87,613.25,0.0
2017-06-20,808.5,19.3,789.2,94.52,-5.48,836.87,45.86
2017-07-19,653.78,20.55,633.23,76.61,-17.91,836.87,195.74
2017-08-16,1341.11,20.37,1320.74,100.0,23.39,1320.74,0.0
2017-09-14,931.69,21.78,909.91,62.39,-37.61,1478.77,556.17
2017-10-12,1668.49,23.78,1644.71,100.0,37.61,1644.71,0.0
2017-11-09,2202.86,25.33,2177.53,95.61,-4.39,2278.95,100.05
2017-12-08,5202.64,28.66,5173.98,92.43,-3.18,5600.36,423.95
2018-01-09,4537.59,32.87,4504.72,75.39,-17.04,5986.32,1473.23
2018-02-07,2325.85,29.27,2296.58,38.71,-36.68,5986.32,3669.02
2018-03-08,2774.46,32.18,2742.28,46.11,7.4,5986.32,3226.03
2018-04-06,2079.18,25.03,2054.15,34.68,-11.43,5986.32,3910.26
2018-05-04,2186.54,27.87,2158.67,36.42,1.74,5986.32,3806.1
2018-06-04,2077.67,31.88,2045.79,34.54,-1.88,5986.32,3918.65
2018-07-02,2024.8,30.25,1994.55,33.69,-0.85,5986.32,3969.53
2018-07-31,2074.64,34.73,2039.91,34.44,0.75,5986.32,3924.63
2018-08-28,2031.16,38.61,1992.55,33.66,-0.78,5986.32,3971.32
2018-09-26,1984.1,38.34,1945.76,32.88,-0.78,5986.32,4018.02
2018-10-24,1970.65,26.38,1944.27,32.86,-0.02,5986.32,4019.22
2018-11-21,1757.45,26.07,1731.38,29.32,-3.54,5986.32,4231.13
2018-12-21,1716.06,14.29,1701.77,28.83,-0.49,5986.32,4260.46
2019-01-23,1681.84,24.93,1656.91,28.08,-0.75,5986.32,4305.36
2019-02-21,1697.44,31.47,1665.97,28.23,0.15,5986.32,4296.38
2019-03-21,1691.64,34.52,1657.12,28.09,-0.14,5986.32,4304.76
2019-04-18,2000.0,36.81,1963.19,33.17,5.08,5986.32,4000.66
2019-05-17,2506.6,34.65,2471.95,41.62,8.45,5986.32,3494.81
2019-06-17,2989.26,36.1,2953.16,49.61,7.99,5986.32,3016.51
2019-07-16,3009.43,40.67,2968.76,49.87,0.26,5986.32,3000.94
2019-08-13,3343.63,37.04,3306.59,55.49,5.62,5986.32,2664.51
2019-09-11,3144.56,40.46,3104.1,52.12,-3.37,5986.32,2866.25
2019-10-09,2735.02,35.98,2699.04,45.39,-6.73,5986.32,3269.13
2019-11-06,2905.12,43.13,2861.99,48.1,2.71,5986.32,3106.9
2019-12-05,2374.39,45.14,2329.25,39.25,-8.85,5986.32,3636.69
2020-01-06,2361.57,50.24,2311.33,38.95,-0.3,5986.32,3654.65
2020-02-04,2388.7,52.49,2336.21,39.37,0.42,5986.32,3629.51
2020-03-04,2233.53,44.68,2188.85,36.92,-2.45,5986.32,3776.17
2020-04-01,1845.23,13.74,1831.49,30.98,-5.94,5986.32,4131.76
2020-04-30,2236.37,34.32,2202.05,37.14,6.16,5986.32,3763.0
2020-05-29,2370.71,40.47,2330.24,39.27,2.13,5986.32,3635.49
2020-06-26,2304.35,38.89,2265.46,38.19,-1.08,5986.32,3700.14
2020-07-27,2632.97,48.57,2584.4,43.49,5.3,5986.32,3382.87
2020-08-24,2763.28,57.32,2705.96,45.51,2.02,5986.32,3261.95
2020-09-22,2517.96,51.8,2466.16,41.52,-3.99,5986.32,3500.8
2020-10-20,2756.95,56.79,2700.16,45.41,3.89,5986.32,3267.93
2020-11-17,3790.07,64.37,3725.7,62.45,17.04,5986.32,2247.86
2020-12-16,4435.52,68.34,4367.18,73.1,10.65,5986.32,1610.32
2021-01-15,7219.04,70.52,7148.52,90.93,17.83,7865.26,713.38
2021-02-16,9405.25,77.66,9327.59,100.0,9.07,9327.59,0.0
2021-03-16,10712.76,78.86,10633.9,98.34,-1.66,10814.02,179.51
2021-04-14,11774.01,85.35,11688.66,99.41,1.07,11758.15,69.37
2021-05-12,9237.11,82.17,9154.94,77.92,-21.49,11758.15,2596.2
2021-06-10,6994.65,89.81,6904.84,58.84,-19.08,11758.15,4839.65
2021-07-09,6447.12,94.62,6352.5,54.16,-4.68,11758.15,5389.94
2021-08-06,7981.22,97.23,7883.99,67.15,12.99,11758.15,3862.55
2021-09-03,9185.1,101.38,9083.72,77.32,10.17,11758.15,2666.75
2021-10-04,8977.57,90.07,8887.5,75.66,-1.66,11758.15,2861.93
2021-11-01,10965.28,103.4,10861.88,92.2,16.54,11784.07,919.16
2021-11-30,10280.34,101.47,10178.87,84.99,-7.21,11981.96,1798.49
2021-12-29,8425.47,110.49,8314.98,69.48,-15.51,11981.96,3656.89
2022-01-27,6612.71,89.59,6523.12,54.57,-14.91,11981.96,5443.4
2022-02-25,6642.57,91.86,6550.71,54.8,0.23,11981.96,5415.85
2022-03-25,6630.27,97.91,6532.36,54.65,-0.15,11981.96,5433.82
2022-04-25,6632.59,86.8,6545.79,54.76,0.11,11981.96,5420.64
2022-05-23,5209.63,72.64,5136.99,43.03,-11.73,11981.96,6826.12
2022-06-22,4006.91,63.12,3943.79,33.1,-9.93,11981.96,8015.93
2022-07-21,4393.65,72.71,4320.94,36.24,3.14,11981.96,7639.7
2022-08-18,4376.91,84.98,4291.93,36.0,-0.24,11981.96,7668.45
2022-09-16,3917.31,66.91,3850.4,32.32,-3.68,11981.96,8109.39
2022-10-14,3822.93,53.85,3769.08,31.65,-0.67,11981.96,8189.67
2022-11-11,3532.73,71.06,3461.67,29.09,-2.56,11981.96,8496.41
2022-12-12,3536.32,70.93,3465.39,29.12,0.03,11981.96,8492.81
2023-01-11,3609.16,69.09,3540.07,29.74,0.62,11981.96,8418.53
2023-02-09,4072.47,73.66,3998.81,33.56,3.82,11981.96,7960.81
2023-03-10,3850.72,64.3,3786.42,31.79,-1.77,11981.96,8172.89
2023-04-10,4993.34,73.97,4919.37,41.22,9.43,11981.96,7043.0
2023-05-08,4729.19,74.9,4654.29,39.02,-2.2,11981.96,7306.6
2023-06-06,4650.4,81.01,4569.39,38.31,-0.71,11981.96,7391.67
2023-07-06,4950.53,85.42,4865.11,40.77,2.46,11981.96,7096.91
2023-08-03,4838.27,88.91,4749.36,39.81,-0.96,11981.96,7211.94
2023-08-31,4421.58,89.57,4332.01,36.33,-3.48,11981.96,7628.91
2023-09-29,4528.27,79.47,4448.8,37.31,0.98,11981.96,7511.49
2023-10-27,5417.52,72.07,5345.45,44.77,7.46,11981.96,6617.64
2023-11-27,5824.72,90.05,5734.67,48.01,3.24,11981.96,6229.42
2023-12-26,6475.76,98.44,6377.32,53.36,5.35,11981.96,5588.39
2024-01-25,6112.69,103.14,6009.55,50.29,-3.07,11981.96,5956.23
2024-02-23,7463.35,110.9,7352.45,61.47,11.18,11981.96,4616.65
2024-03-22,9087.19,115.96,8971.23,74.94,13.47,11981.96,3002.68
2024-04-22,9431.5,106.36,9325.14,77.89,2.95,11981.96,2649.21
2024-05-20,9968.05,118.46,9849.59,82.25,4.36,11981.96,2126.8
2024-06-18,9130.58,125.56,9005.02,75.22,-7.03,11981.96,2969.13
2024-07-18,8942.5,126.6,8815.9,73.65,-1.57,11981.96,3157.25
2024-08-15,8104.29,126.23,7978.06,66.68,-6.97,11981.96,3992.39
2024-09-16,8145.15,129.63,8015.52,66.99,0.31,11981.96,3955.24
2024-09-18,8357.78,128.99,8228.79,68.76,0.11,11981.96,3743.16
