Date,rate_QQQ_5D,rate_VOO_20D,Divergence,Relative_Divergence,Delta_Previous_Relative_Divergence,Max_Divergence,Expected_Return
2015-01-02,0.0,0.0,0.0,100.0,0.0,0.0,0.0
2015-02-02,0.29,-0.35,0.64,60.13,-39.87,1.27,0.51
2015-03-03,6.95,4.16,2.79,98.1,37.97,2.85,0.05
2015-03-31,3.74,1.77,1.97,65.9,-32.2,3.15,1.07
2015-04-29,7.38,3.8,3.58,83.12,17.22,4.37,0.74
2015-05-28,8.65,4.7,3.95,91.03,7.91,4.37,0.39
2015-06-25,7.87,3.4,4.47,100.0,8.97,4.47,0.0
2015-07-24,8.89,2.43,6.46,88.61,-11.39,7.33,0.83
2015-08-21,0.28,-2.77,3.05,43.98,-44.63,7.33,4.11
2015-09-21,3.48,-3.24,6.72,92.02,48.04,7.33,0.58
2015-10-19,6.46,0.19,6.27,86.13,-5.89,7.33,1.02
2015-11-16,8.97,1.28,7.69,86.67,0.54,8.92,1.19
2015-12-15,9.73,0.99,8.74,86.94,0.27,10.1,1.32
2016-01-14,1.63,-5.5,7.13,71.47,-15.47,10.1,2.88
2016-02-12,-4.29,-8.03,3.74,38.9,-32.57,10.1,6.17
2016-03-14,4.12,-0.19,4.31,44.38,5.48,10.1,5.62
2016-04-12,6.83,1.51,5.32,54.08,9.7,10.1,4.64
2016-05-10,4.67,2.72,1.95,21.71,-32.37,10.1,7.91
2016-06-08,7.56,4.64,2.92,31.03,9.32,10.1,6.97
2016-07-07,5.81,3.22,2.59,27.86,-3.17,10.1,7.29
2016-08-04,12.56,6.55,6.01,60.71,32.85,10.1,3.97
2016-09-01,13.49,6.98,6.51,65.51,4.8,10.1,3.48
2016-09-30,15.41,6.55,8.86,88.09,22.58,10.1,1.2
2016-10-28,13.71,4.59,9.12,88.3,0.21,10.37,1.21
2016-11-28,14.99,8.53,6.46,63.39,-24.91,10.37,3.8
2016-12-27,17.1,11.22,5.88,57.96,-5.43,10.37,4.36
2017-01-26,21.56,12.65,8.91,86.33,28.37,10.37,1.42
2017-02-24,25.92,16.21,9.71,93.82,7.49,10.37,0.64
2017-03-24,26.07,14.65,11.42,100.0,6.18,11.42,0.0
2017-04-24,29.25,16.11,13.14,100.0,0.0,13.14,0.0
2017-05-22,33.66,17.16,16.5,98.25,-1.75,16.8,0.29
2017-06-20,33.72,19.3,14.42,77.44,-20.81,18.71,4.22
2017-07-19,37.9,20.55,17.35,92.85,15.41,18.71,1.34
2017-08-16,37.89,20.37,17.52,93.74,0.89,18.71,1.17
2017-09-14,38.82,21.78,17.04,89.39,-4.35,19.1,2.03
2017-10-12,40.63,23.78,16.85,88.41,-0.98,19.1,2.21
2017-11-09,45.92,25.33,20.59,98.54,10.13,20.9,0.31
2017-12-08,46.54,28.66,17.88,81.53,-17.01,22.0,4.06
2018-01-09,53.6,32.87,20.73,94.31,12.78,22.0,1.25
2018-02-07,50.98,29.27,21.71,91.83,-2.48,23.67,1.93
2018-03-08,59.65,32.18,27.47,100.0,8.17,27.47,0.0
2018-04-06,46.88,25.03,21.85,74.89,-25.11,29.28,7.35
2018-05-04,54.22,27.87,26.35,90.1,15.21,29.28,2.9
2018-06-04,62.6,31.88,30.72,100.0,9.9,30.72,0.0
2018-07-02,60.77,30.25,30.52,94.45,-5.55,32.33,1.79
2018-07-31,64.16,34.73,29.43,86.73,-7.72,33.98,4.51
2018-08-28,71.27,38.61,32.66,96.15,9.42,33.98,1.31
2018-09-26,70.47,38.34,32.13,93.57,-2.58,34.36,2.21
2018-10-24,52.52,26.38,26.14,76.29,-17.28,34.36,8.15
2018-11-21,47.56,26.07,21.49,62.88,-13.41,34.36,12.75
2018-12-21,35.46,14.29,21.17,61.96,-0.92,34.36,13.07
2019-01-23,48.54,24.93,23.61,68.99,7.03,34.36,10.66
2019-02-21,56.84,31.47,25.37,74.07,5.08,34.36,8.91
2019-03-21,66.43,34.52,31.91,92.93,18.86,34.36,2.43
2019-04-18,70.38,36.81,33.57,97.72,4.79,34.36,0.78
2019-05-17,65.96,34.65,31.31,88.6,-9.12,35.38,4.03
2019-06-17,66.2,36.1,30.1,85.21,-3.39,35.38,5.23
2019-07-16,74.24,40.67,33.57,94.93,9.72,35.38,1.79
2019-08-13,69.5,37.04,32.46,91.82,-3.11,35.38,2.89
2019-09-11,72.68,40.46,32.22,91.15,-0.67,35.38,3.13
2019-10-09,67.58,35.98,31.6,89.41,-1.74,35.38,3.75
2019-11-06,78.3,43.13,35.17,98.67,9.26,35.65,0.47
2019-12-05,80.53,45.14,35.39,95.97,-2.7,36.89,1.49
2020-01-06,91.28,50.24,41.04,100.0,4.03,41.04,0.0
2020-02-04,101.23,52.49,48.74,100.0,0.0,48.74,0.0
2020-03-04,92.48,44.68,47.8,90.45,-9.55,52.88,5.05
2020-04-01,60.44,13.74,46.7,88.38,-2.07,52.88,6.14
2020-04-30,92.63,34.32,58.31,99.42,11.04,58.65,0.34
2020-05-29,104.76,40.47,64.29,97.42,-2.0,66.0,1.7
2020-06-26,110.12,38.89,71.23,97.28,-0.14,73.23,1.99
2020-07-27,126.77,48.57,78.2,92.97,-4.31,84.14,5.92
2020-08-24,146.42,57.32,89.1,99.93,6.96,89.16,0.06
2020-09-22,135.87,51.8,84.07,85.55,-14.38,98.32,14.21
2020-10-20,145.35,56.79,88.56,90.1,4.55,98.32,9.73
2020-11-17,151.27,64.37,86.9,88.42,-1.68,98.32,11.39
2020-12-16,164.68,68.34,96.34,97.99,9.57,98.32,1.98
2021-01-15,166.18,70.52,95.66,96.37,-1.62,99.28,3.6
2021-02-16,185.33,77.66,107.67,99.44,3.07,108.28,0.61
2021-03-16,171.62,78.86,92.76,85.71,-13.73,108.28,15.47
2021-04-14,184.08,85.35,98.73,91.21,5.5,108.28,9.52
2021-05-12,166.54,82.17,84.37,77.98,-13.23,108.28,23.84
2021-06-10,185.24,89.81,95.43,88.17,10.19,108.28,12.81
2021-07-09,201.42,94.62,106.8,98.64,10.47,108.28,1.47
2021-08-06,206.15,97.23,108.92,98.26,-0.38,110.85,1.93
2021-09-03,216.19,101.38,114.81,99.97,1.71,114.84,0.03
2021-10-04,191.14,90.07,101.07,87.16,-12.81,116.01,14.9
2021-11-01,218.67,103.4,115.27,99.36,12.2,116.01,0.74
2021-11-30,223.92,101.47,122.45,97.93,-1.43,125.04,2.59
2021-12-29,229.04,110.49,118.55,94.82,-3.11,125.04,6.48
2022-01-27,178.47,89.59,88.88,71.15,-23.67,125.04,36.07
2022-02-25,181.27,91.86,89.41,71.58,0.43,125.04,35.54
2022-03-25,191.31,97.91,93.4,74.76,3.18,125.04,31.56
2022-04-25,166.24,86.8,79.44,63.62,-11.14,125.04,45.49
2022-05-23,136.31,72.64,63.67,51.04,-12.58,125.04,61.22
2022-06-22,125.29,63.12,62.17,49.84,-1.2,125.04,62.72
2022-07-21,145.99,72.71,73.28,58.71,8.87,125.04,51.63
2022-08-18,162.68,84.98,77.7,62.23,3.52,125.04,47.23
2022-09-16,130.11,66.91,63.2,50.67,-11.56,125.04,61.68
2022-10-14,106.8,53.85,52.95,42.49,-8.18,125.04,71.91
2022-11-11,127.76,71.06,56.7,45.48,2.99,125.04,68.17
2022-12-12,125.22,70.93,54.29,43.56,-1.92,125.04,70.57
2023-01-11,118.31,69.09,49.22,39.51,-4.05,125.04,75.64
2023-02-09,136.58,73.66,62.92,50.44,10.93,125.04,61.97
2023-03-10,125.64,64.3,61.34,49.18,-1.26,125.04,63.55
2023-04-10,147.82,73.97,73.85,59.16,9.98,125.04,51.07
2023-05-08,151.6,74.9,76.7,61.44,2.28,125.04,48.22
2023-06-06,174.94,81.01,93.93,75.18,13.74,125.04,31.03
2023-07-06,183.8,85.42,98.38,78.73,3.55,125.04,26.6
2023-08-03,187.76,88.91,98.85,79.11,0.38,125.04,26.12
2023-08-31,190.99,89.57,101.42,81.16,2.05,125.04,23.56
2023-09-29,174.93,79.47,95.46,76.4,-4.76,125.04,29.51
2023-10-27,164.16,72.07,92.09,73.71,-2.69,125.04,32.87
2023-11-27,196.79,90.05,106.74,85.4,11.69,125.04,18.26
2023-12-26,212.34,98.44,113.9,91.11,5.71,125.04,11.12
2024-01-25,223.06,103.14,119.92,95.92,4.81,125.04,5.1
2024-02-23,229.87,110.9,118.97,95.16,-0.76,125.04,6.05
2024-03-22,236.0,115.96,120.04,96.01,0.85,125.04,4.99
2024-04-22,214.21,106.36,107.85,86.29,-9.72,125.04,17.14
2024-05-20,240.18,118.46,121.72,97.35,11.06,125.04,3.31
2024-06-18,261.64,125.56,136.08,99.65,2.3,136.56,0.48
2024-07-18,256.17,126.6,129.57,90.32,-9.33,143.49,13.89
2024-08-15,251.25,126.23,125.02,87.16,-3.16,143.49,18.42
2024-09-13,250.79,129.28,121.51,84.71,-2.45,143.49,21.94
2024-09-20,256.03,132.53,123.5,86.1,-0.43,143.49,19.95
