Date,rate_MCD_5D,rate_VOO_20D,Divergence,Relative_Divergence,Delta_Previous_Relative_Divergence,Max_Divergence,Expected_Return
2015-01-02,0.0,0.0,0.0,100.0,0.0,0.0,0.0
2015-02-02,-0.48,-0.35,-0.13,96.37,-3.63,0.96,0.03
2015-03-03,7.18,4.16,3.02,100.0,3.63,3.02,0.0
2015-03-31,4.71,1.77,2.94,96.76,-3.24,4.01,0.13
2015-04-29,4.22,3.8,0.42,89.14,-7.62,4.01,0.44
2015-05-28,3.59,4.7,-1.11,84.51,-4.63,4.01,0.62
2015-06-25,2.82,3.4,-0.58,86.12,1.61,4.01,0.56
2015-07-24,3.12,2.43,0.69,89.96,3.84,4.01,0.4
2015-08-21,4.16,-2.77,6.93,100.0,10.04,6.93,0.0
2015-09-21,4.96,-3.24,8.2,100.0,0.0,8.2,0.0
2015-10-19,11.96,0.19,11.77,98.86,-1.14,12.24,0.14
2015-11-16,18.81,1.28,17.53,95.92,-2.94,19.51,0.8
2015-12-15,24.88,0.99,23.89,98.64,2.72,24.62,0.33
2016-01-14,24.32,-5.5,29.82,99.92,1.28,29.87,0.02
2016-02-12,25.45,-8.03,33.48,93.08,-6.84,38.13,2.64
2016-03-14,30.5,-0.19,30.69,88.93,-4.15,38.13,4.22
2016-04-12,35.19,1.51,33.68,93.38,4.45,38.13,2.52
2016-05-10,39.09,2.72,36.37,97.38,4.0,38.13,1.0
2016-06-08,28.82,4.64,24.18,79.23,-18.15,38.13,7.92
2016-07-07,27.33,3.22,24.11,79.13,-0.1,38.13,7.96
2016-08-04,24.36,6.55,17.81,69.75,-9.38,38.13,11.53
2016-09-01,21.13,6.98,14.15,64.3,-5.45,38.13,13.61
2016-09-30,21.09,6.55,14.54,64.89,0.59,38.13,13.39
2016-10-28,17.5,4.59,12.91,62.46,-2.43,38.13,14.31
2016-11-28,27.53,8.53,19.0,71.52,9.06,38.13,10.86
2016-12-27,28.63,11.22,17.41,69.16,-2.36,38.13,11.76
2017-01-26,27.18,12.65,14.53,64.87,-4.29,38.13,13.4
2017-02-24,34.0,16.21,17.79,69.72,4.85,38.13,11.55
2017-03-24,34.45,14.65,19.8,72.72,3.0,38.13,10.4
2017-04-24,39.24,16.11,23.13,77.67,4.95,38.13,8.51
2017-05-22,53.34,17.16,36.18,97.1,19.43,38.13,1.11
2017-06-20,58.97,19.3,39.67,100.0,2.9,39.67,0.0
2017-07-19,58.34,20.55,37.79,93.25,-6.75,42.63,2.88
2017-08-16,63.02,20.37,42.65,99.64,6.39,42.91,0.15
2017-09-14,60.6,21.78,38.82,92.19,-7.45,44.57,3.48
2017-10-12,67.19,23.78,43.41,98.42,6.23,44.57,0.7
2017-11-09,69.82,25.33,44.49,95.38,-3.04,48.05,2.22
2017-12-08,75.51,28.66,46.85,98.14,2.76,48.29,0.9
2018-01-09,75.35,32.87,42.48,92.49,-5.65,48.29,3.63
2018-02-07,66.93,29.27,37.66,86.26,-6.23,48.29,6.64
2018-03-08,55.18,32.18,23.0,67.3,-18.96,48.29,15.79
2018-04-06,61.59,25.03,36.56,84.83,17.53,48.29,7.33
2018-05-04,64.92,27.87,37.05,85.47,0.64,48.29,7.02
2018-06-04,59.69,31.88,27.81,73.52,-11.95,48.29,12.79
2018-07-02,55.95,30.25,25.7,70.79,-2.73,48.29,14.11
2018-07-31,56.61,34.73,21.88,65.85,-4.94,48.29,16.49
2018-08-28,60.29,38.61,21.68,65.59,-0.26,48.29,16.62
2018-09-26,63.94,38.34,25.6,70.66,5.07,48.29,14.17
2018-10-24,74.93,26.38,48.55,100.0,29.34,48.55,0.0
2018-11-21,79.7,26.07,53.63,97.65,-2.35,55.62,1.31
2018-12-21,70.74,14.29,56.45,99.26,1.61,57.09,0.42
2019-01-23,81.93,24.93,57.0,99.9,0.64,57.09,0.06
2019-02-21,78.22,31.47,46.75,86.96,-12.94,58.12,7.58
2019-03-21,81.15,34.52,46.63,86.82,-0.14,58.12,7.66
2019-04-18,88.88,36.81,52.07,93.06,6.24,58.12,4.03
2019-05-17,92.46,34.65,57.81,97.56,4.5,59.98,1.46
2019-06-17,96.28,36.1,60.18,97.31,-0.25,62.65,1.69
2019-07-16,105.15,40.67,64.48,99.98,2.67,64.5,0.01
2019-08-13,110.23,37.04,73.19,98.23,-1.75,75.03,1.33
2019-09-11,100.44,40.46,59.98,85.16,-13.07,75.5,11.2
2019-10-09,102.31,35.98,66.33,91.23,6.07,75.5,6.62
2019-11-06,84.05,43.13,40.92,66.92,-24.31,75.5,24.98
2019-12-05,83.55,45.14,38.41,64.52,-2.4,75.5,26.79
2020-01-06,90.66,50.24,40.42,66.45,1.93,75.5,25.33
2020-02-04,101.6,52.49,49.11,74.76,8.31,75.5,19.06
2020-03-04,93.89,44.68,49.21,74.85,0.09,75.5,18.99
2020-04-01,47.85,13.74,34.11,60.41,-14.44,75.5,29.89
2020-04-30,75.31,34.32,40.99,66.99,6.58,75.5,24.92
2020-05-29,73.71,40.47,33.24,59.58,-7.41,75.5,30.52
2020-06-26,67.14,38.89,28.25,54.81,-4.77,75.5,34.12
2020-07-27,86.67,48.57,38.1,64.23,9.42,75.5,27.01
2020-08-24,96.68,57.32,39.36,65.43,1.2,75.5,26.1
2020-09-22,99.59,51.8,47.79,73.5,8.07,75.5,20.01
2020-10-20,109.14,56.79,52.35,77.86,4.36,75.5,16.72
2020-11-17,98.05,64.37,33.68,60.0,-17.86,75.5,30.2
2020-12-16,95.46,68.34,27.12,53.73,-6.27,75.5,34.93
2021-01-15,91.37,70.52,20.85,47.73,-6.0,75.5,39.46
2021-02-16,95.5,77.66,17.84,44.85,-2.88,75.5,41.64
2021-03-16,99.35,78.86,20.49,47.38,2.53,75.5,39.73
2021-04-14,108.21,85.35,22.86,49.65,2.27,75.5,38.01
2021-05-12,105.45,82.17,23.28,50.05,0.4,75.5,37.71
2021-06-10,110.81,89.81,21.0,47.87,-2.18,75.5,39.36
2021-07-09,111.17,94.62,16.55,43.62,-4.25,75.5,42.57
2021-08-06,111.06,97.23,13.83,41.01,-2.61,75.5,44.54
2021-09-03,112.72,101.38,11.34,38.63,-2.38,75.5,46.33
2021-10-04,115.87,90.07,25.8,52.46,13.83,75.5,35.89
2021-11-01,121.86,103.4,18.46,45.44,-7.02,75.5,41.19
2021-11-30,116.56,101.47,15.09,42.22,-3.22,75.5,43.62
2021-12-29,137.01,110.49,26.52,53.15,10.93,75.5,35.37
2022-01-27,118.89,89.59,29.3,55.81,2.66,75.5,33.36
2022-02-25,118.85,91.86,26.99,53.6,-2.21,75.5,35.03
2022-03-25,111.35,97.91,13.44,40.64,-12.96,75.5,44.82
2022-04-25,120.59,86.8,33.79,60.11,19.47,75.5,30.12
2022-05-23,107.02,72.64,34.38,60.67,0.56,75.5,29.69
2022-06-22,110.82,63.12,47.7,73.41,12.74,75.5,20.08
2022-07-21,119.22,72.71,46.51,72.27,-1.14,75.5,20.94
2022-08-18,129.89,84.98,44.91,70.74,-1.53,75.5,22.09
2022-09-16,119.2,66.91,52.29,77.8,7.06,75.5,16.76
2022-10-14,108.54,53.85,54.69,80.1,2.3,75.5,15.02
2022-11-11,132.07,71.06,61.01,85.01,4.91,76.89,11.53
2022-12-12,135.85,70.93,64.92,88.7,3.69,76.89,8.69
2023-01-11,128.54,69.09,59.45,83.54,-5.16,76.89,12.66
2023-02-09,120.98,73.66,47.32,72.09,-11.45,76.89,21.46
2023-03-10,121.52,64.3,57.22,81.43,9.34,76.89,14.28
2023-04-10,139.21,73.97,65.24,89.0,7.57,76.89,8.46
2023-05-08,149.34,74.9,74.44,97.69,8.69,76.89,1.78
2023-06-06,138.43,81.01,57.42,81.62,-16.07,76.89,14.13
2023-07-06,146.4,85.42,60.98,84.98,3.36,76.89,11.55
2023-08-03,142.44,88.91,53.53,77.95,-7.03,76.89,16.95
2023-08-31,134.22,89.57,44.65,69.57,-8.38,76.89,23.4
2023-09-29,118.85,79.47,39.38,64.59,-4.98,76.89,27.23
2023-10-27,111.92,72.07,39.85,65.04,0.45,76.89,26.88
2023-11-27,132.92,90.05,42.87,67.89,2.85,76.89,24.69
2023-12-26,141.35,98.44,42.91,67.93,0.04,76.89,24.66
2024-01-25,144.24,103.14,41.1,66.22,-1.71,76.89,25.97
2024-02-23,144.0,110.9,33.1,58.67,-7.55,76.89,31.78
2024-03-22,130.97,115.96,15.01,41.59,-17.08,76.89,44.91
2024-04-22,124.61,106.36,18.25,44.65,3.06,76.89,42.56
2024-05-20,117.76,118.46,-0.7,26.76,-17.89,76.89,56.31
2024-06-18,103.37,125.56,-22.19,6.48,-20.28,76.89,71.91
2024-07-18,109.95,126.6,-16.65,11.7,5.22,76.89,67.89
2024-08-15,121.81,126.23,-4.42,23.25,11.55,76.89,59.01
2024-09-13,138.66,129.28,9.38,36.28,13.03,76.89,48.99
2024-09-20,138.9,132.46,6.44,33.5,0.48,76.89,51.13
