Date,rate_NOC_5D,rate_VOO_20D,Divergence,Relative_Divergence,Delta_Previous_Relative_Divergence,Max_Divergence,Expected_Return
2015-01-02,0.0,0.0,0.0,100.0,0.0,0.0,0.0
2015-02-02,8.75,-0.35,9.1,100.0,0.0,9.1,0.0
2015-03-03,11.61,4.16,7.45,80.65,-19.35,13.31,2.58
2015-03-31,9.79,1.77,8.02,82.53,1.88,13.31,2.33
2015-04-29,8.45,3.8,4.65,71.4,-11.13,13.31,3.81
2015-05-28,9.3,4.7,4.6,71.24,-0.16,13.31,3.83
2015-06-25,10.33,3.4,6.93,78.93,7.69,13.31,2.8
2015-07-24,12.06,2.43,9.63,87.85,8.92,13.31,1.62
2015-08-21,12.27,-2.77,15.04,94.84,6.99,16.78,0.87
2015-09-21,15.47,-3.24,18.71,100.0,5.16,18.71,0.0
2015-10-19,18.3,0.19,18.11,91.71,-8.29,21.28,1.76
2015-11-16,26.2,1.28,24.92,97.24,5.53,26.11,0.72
2015-12-15,26.8,0.99,25.81,98.8,1.56,26.33,0.32
2016-01-14,25.01,-5.5,30.51,96.56,-2.24,32.2,1.11
2016-02-12,21.88,-8.03,29.91,89.62,-6.94,35.34,3.67
2016-03-14,26.54,-0.19,26.73,83.54,-6.08,35.34,5.82
2016-04-12,34.04,1.51,32.53,94.63,11.09,35.34,1.9
2016-05-10,45.22,2.72,42.5,100.0,5.37,42.5,0.0
2016-06-08,45.0,4.64,40.36,94.4,-5.6,43.76,2.45
2016-07-07,46.48,3.22,43.26,97.44,3.04,44.84,1.15
2016-08-04,44.67,6.55,38.12,89.13,-8.31,44.84,4.87
2016-09-01,40.02,6.98,33.04,80.91,-8.22,44.84,8.56
2016-09-30,41.42,6.55,34.87,83.87,2.96,44.84,7.23
2016-10-28,50.59,4.59,46.0,100.0,16.13,46.0,0.0
2016-11-28,63.71,8.53,55.18,95.46,-4.54,58.61,2.66
2016-12-27,52.89,11.22,41.67,77.59,-17.87,58.61,13.13
2017-01-26,48.35,12.65,35.7,69.69,-7.9,58.61,17.76
2017-02-24,59.74,16.21,43.53,80.05,10.36,58.61,11.69
2017-03-24,53.96,14.65,39.31,74.46,-5.59,58.61,14.97
2017-04-24,61.48,16.11,45.37,82.48,8.02,58.61,10.27
2017-05-22,61.21,17.16,44.05,80.74,-1.74,58.61,11.29
2017-06-20,67.61,19.3,48.31,86.37,5.63,58.61,7.99
2017-07-19,70.15,20.55,49.6,88.08,1.71,58.61,6.99
2017-08-16,72.86,20.37,52.49,91.9,3.82,58.61,4.75
2017-09-14,69.57,21.78,47.79,85.68,-6.22,58.61,8.39
2017-10-12,89.96,23.78,66.18,100.0,14.32,66.18,0.0
2017-11-09,89.58,25.33,64.25,93.69,-6.31,69.72,4.4
2017-12-08,93.04,28.66,64.38,93.84,0.15,69.72,4.29
2018-01-09,95.32,32.87,62.45,91.61,-2.23,69.72,5.85
2018-02-07,111.66,29.27,82.39,100.0,8.39,82.39,0.0
2018-03-08,116.28,32.18,84.1,92.91,-7.09,91.81,6.51
2018-04-06,118.78,25.03,93.75,97.93,5.02,96.09,1.99
2018-05-04,94.56,27.87,66.69,74.0,-23.93,96.09,24.98
2018-06-04,105.56,31.88,73.68,80.18,6.18,96.09,19.05
2018-07-02,90.14,30.25,59.89,67.98,-12.2,96.09,30.77
2018-07-31,84.98,34.73,50.25,59.46,-8.52,96.09,38.95
2018-08-28,84.34,38.61,45.73,55.46,-4.0,96.09,42.8
2018-09-26,92.42,38.34,54.08,62.84,7.38,96.09,35.71
2018-10-24,74.27,26.38,47.89,57.37,-5.47,96.09,40.96
2018-11-21,62.76,26.07,36.69,47.46,-9.91,96.09,50.49
2018-12-21,42.67,14.29,28.38,40.11,-7.35,96.09,57.55
2019-01-23,63.52,24.93,38.59,49.14,9.03,96.09,48.87
2019-02-21,73.5,31.47,42.03,52.18,3.04,96.09,45.95
2019-03-21,63.98,34.52,29.46,41.07,-11.11,96.09,56.63
2019-04-18,68.76,36.81,31.95,43.27,2.2,96.09,54.51
2019-05-17,83.57,34.65,48.92,58.28,15.01,96.09,40.09
2019-06-17,84.68,36.1,48.58,57.98,-0.3,96.09,40.38
2019-07-16,92.64,40.67,51.97,60.98,3.0,96.09,37.49
2019-08-13,119.77,37.04,82.73,88.18,27.2,96.09,11.36
2019-09-11,112.03,40.46,71.57,78.31,-9.87,96.09,20.84
2019-10-09,116.47,35.98,80.49,86.2,7.89,96.09,13.26
2019-11-06,101.92,43.13,58.79,67.01,-19.19,96.09,31.7
2019-12-05,101.51,45.14,56.37,64.87,-2.14,96.09,33.76
2020-01-06,119.16,50.24,68.92,75.97,11.1,96.09,23.09
2020-02-04,110.3,52.49,57.81,66.14,-9.83,96.09,32.54
2020-03-04,101.07,44.68,56.39,64.89,-1.25,96.09,33.74
2020-04-01,77.43,13.74,63.69,71.34,6.45,96.09,27.54
2020-04-30,91.1,34.32,56.78,65.23,-6.11,96.09,33.41
2020-05-29,93.16,40.47,52.69,61.61,-3.62,96.09,36.89
2020-06-26,73.45,38.89,34.56,45.58,-16.03,96.09,52.29
2020-07-27,76.53,48.57,27.96,39.74,-5.84,96.09,57.9
2020-08-24,96.84,57.32,39.52,49.96,10.22,96.09,48.08
2020-09-22,89.64,51.8,37.84,48.48,-1.48,96.09,49.51
2020-10-20,75.65,56.79,18.86,31.69,-16.79,96.09,65.64
2020-11-17,77.25,64.37,12.88,26.4,-5.29,96.09,70.72
2020-12-16,70.82,68.34,2.48,17.2,-9.2,96.09,79.56
2021-01-15,69.71,70.52,-0.81,14.29,-2.91,96.09,82.36
2021-02-16,63.76,77.66,-13.9,2.72,-11.57,96.09,93.48
2021-03-16,71.78,78.86,-7.08,8.75,6.03,96.09,87.68
2021-04-14,91.49,85.35,6.14,20.44,11.69,96.09,76.45
2021-05-12,102.84,82.17,20.67,33.29,12.85,96.09,64.1
2021-06-10,107.47,89.81,17.66,30.63,-2.66,96.09,66.66
2021-07-09,106.49,94.62,11.87,25.51,-5.12,96.09,71.58
2021-08-06,100.53,97.23,3.3,17.93,-7.58,96.09,78.86
2021-09-03,102.08,101.38,0.7,15.63,-2.3,96.09,81.07
2021-10-04,101.38,90.07,11.31,25.01,9.38,96.09,72.06
2021-11-01,94.89,103.4,-8.51,7.48,-17.53,96.09,88.9
2021-11-30,91.57,101.47,-9.9,6.25,-1.23,96.09,90.08
2021-12-29,110.89,110.49,0.4,15.36,9.11,96.09,81.33
2022-01-27,104.27,89.59,14.68,27.99,12.63,96.09,69.19
2022-02-25,123.14,91.86,31.28,42.68,14.69,96.09,55.08
2022-03-25,148.76,97.91,50.85,59.99,17.31,96.09,38.45
2022-04-25,140.31,86.8,53.51,62.34,2.35,96.09,36.19
2022-05-23,146.44,72.64,73.8,80.28,17.94,96.09,18.95
2022-06-22,146.64,63.12,83.52,88.88,8.6,96.09,10.69
2022-07-21,143.27,72.71,70.56,77.42,-11.46,96.09,21.7
2022-08-18,163.38,84.98,78.4,84.35,6.93,96.09,15.04
2022-09-16,158.45,66.91,91.54,95.98,11.63,96.09,3.86
2022-10-14,146.48,53.85,92.63,82.72,-13.26,115.52,19.96
2022-11-11,160.75,71.06,89.69,74.94,-7.78,125.35,31.41
2022-12-12,182.29,70.93,111.36,90.17,15.23,125.35,12.32
2023-01-11,159.15,69.09,90.06,75.2,-14.97,125.35,31.09
2023-02-09,137.92,73.66,64.26,57.08,-18.12,125.35,53.8
2023-03-10,140.31,64.3,76.01,65.33,8.25,125.35,43.46
2023-04-10,148.33,73.97,74.36,64.17,-1.16,125.35,44.91
2023-05-08,129.79,74.9,54.89,50.49,-13.68,125.35,62.06
2023-06-06,132.18,81.01,51.17,47.88,-2.61,125.35,65.33
2023-07-06,135.59,85.42,50.17,47.18,-0.7,125.35,66.21
2023-08-03,128.05,88.91,39.14,39.43,-7.75,125.35,75.92
2023-08-31,123.14,89.57,33.57,35.51,-3.92,125.35,80.84
2023-09-29,126.19,79.47,46.72,44.75,9.24,125.35,69.26
2023-10-27,142.43,72.07,70.36,61.36,16.61,125.35,48.44
2023-11-27,139.35,90.05,49.3,46.56,-14.8,125.35,66.99
2023-12-26,136.68,98.44,38.24,38.79,-7.77,125.35,76.73
2024-01-25,120.8,103.14,17.66,24.33,-14.46,125.35,94.85
2024-02-23,133.66,110.9,22.76,27.92,3.59,125.35,90.35
2024-03-22,136.9,115.96,20.94,26.64,-1.28,125.35,91.96
2024-04-22,137.38,106.36,31.02,33.72,7.08,125.35,83.08
2024-05-20,135.69,118.46,17.23,24.03,-9.69,125.35,95.23
2024-06-18,113.47,125.56,-12.09,3.43,-20.6,125.35,121.05
2024-07-18,119.82,126.6,-6.78,7.16,3.73,125.35,116.37
2024-08-15,151.17,126.23,24.94,29.45,22.29,125.35,88.43
2024-09-13,158.45,129.28,29.17,32.42,2.97,125.35,84.71
2024-09-17,158.48,129.06,29.42,32.6,4.61,125.35,84.49
