Date,rate_MA_5D,rate_VOO_20D,Divergence,Relative_Divergence,Delta_Previous_Relative_Divergence,Max_Divergence,Expected_Return
2015-01-02,0.0,0.0,0.0,100.0,0.0,0.0,0.0
2015-02-02,-0.92,-0.35,-0.57,59.82,-40.18,0.74,0.3
2015-03-03,8.47,4.16,4.31,78.87,19.05,6.14,1.3
2015-03-31,3.01,1.77,1.24,40.26,-38.61,6.82,4.07
2015-04-29,7.57,3.8,3.77,67.34,27.08,6.82,2.23
2015-05-28,10.54,4.7,5.84,86.19,18.85,7.18,0.99
2015-06-25,12.39,3.4,8.99,92.52,6.33,9.92,0.74
2015-07-24,13.9,2.43,11.47,100.0,7.48,11.47,0.0
2015-08-21,7.64,-2.77,10.41,79.96,-20.04,13.65,2.74
2015-09-21,10.38,-3.24,13.62,99.81,19.85,13.65,0.03
2015-10-19,15.85,0.19,15.66,100.0,0.19,15.66,0.0
2015-11-16,16.35,1.28,15.07,89.61,-10.39,17.11,1.78
2015-12-15,16.36,0.99,15.37,91.14,1.53,17.11,1.52
2016-01-14,7.13,-5.5,12.63,77.18,-13.96,17.11,3.9
2016-02-12,0.23,-8.03,8.26,54.92,-22.26,17.11,7.71
2016-03-14,4.87,-0.19,5.06,38.61,-16.31,17.11,10.5
2016-04-12,10.65,1.51,9.14,59.4,20.79,17.11,6.95
2016-05-10,14.98,2.72,12.26,75.29,15.89,17.11,4.23
2016-06-08,15.27,4.64,10.63,66.99,-8.3,17.11,5.65
2016-07-07,3.26,3.22,0.04,13.04,-53.95,17.11,14.88
2016-08-04,12.68,6.55,6.13,44.07,31.03,17.11,9.57
2016-09-01,14.56,6.98,7.58,51.45,7.38,17.11,8.31
2016-09-30,19.42,6.55,12.87,78.4,26.95,17.11,3.7
2016-10-28,25.27,4.59,20.68,100.0,21.6,20.68,0.0
2016-11-28,20.94,8.53,12.41,63.97,-36.03,20.82,7.5
2016-12-27,22.47,11.22,11.25,59.0,-4.97,20.82,8.54
2017-01-26,27.61,12.65,14.96,74.89,15.89,20.82,5.23
2017-02-24,29.31,16.21,13.1,66.92,-7.97,20.82,6.89
2017-03-24,30.21,14.65,15.56,77.46,10.54,20.82,4.69
2017-04-24,34.28,16.11,18.17,88.65,11.19,20.82,2.36
2017-05-22,37.83,17.16,20.67,99.36,10.71,20.82,0.13
2017-06-20,42.04,19.3,22.74,87.59,-11.77,26.32,3.27
2017-07-19,47.61,20.55,27.06,99.06,11.47,27.34,0.26
2017-08-16,52.22,20.37,31.85,100.0,0.94,31.85,0.0
2017-09-14,62.25,21.78,40.47,97.44,-2.56,41.6,1.06
2017-10-12,67.8,23.78,44.02,100.0,2.56,44.02,0.0
2017-11-09,70.19,25.33,44.86,98.65,-1.35,45.51,0.61
2017-12-08,70.36,28.66,41.7,87.17,-11.48,48.21,6.19
2018-01-09,80.72,32.87,47.85,99.29,12.12,48.21,0.34
2018-02-07,90.5,29.27,61.23,100.0,0.71,61.23,0.0
2018-03-08,101.65,32.18,69.47,99.21,-0.79,70.04,0.55
2018-04-06,90.24,25.03,65.21,88.39,-10.82,74.11,8.6
2018-05-04,110.18,27.87,82.31,100.0,11.61,82.31,0.0
2018-06-04,120.0,31.88,88.12,100.0,0.0,88.12,0.0
2018-07-02,119.09,30.25,88.84,95.66,-4.34,92.98,4.04
2018-07-31,119.46,34.73,84.73,84.07,-11.59,101.26,16.13
2018-08-28,134.76,38.61,96.15,95.08,11.01,101.26,4.98
2018-09-26,144.41,38.34,106.07,100.0,4.92,106.07,0.0
2018-10-24,114.33,26.38,87.95,83.28,-16.72,106.11,17.74
2018-11-21,104.77,26.07,78.7,74.77,-8.51,106.11,26.77
2018-12-21,90.45,14.29,76.16,72.43,-2.34,106.11,29.25
2019-01-23,114.88,24.93,89.95,85.12,12.69,106.11,15.79
2019-02-21,136.68,31.47,105.21,97.23,12.11,108.28,3.0
2019-03-21,153.55,34.52,119.03,100.0,2.77,119.03,0.0
2019-04-18,157.9,36.81,121.09,99.69,-0.31,121.47,0.38
2019-05-17,169.28,34.65,134.63,99.92,0.23,134.74,0.11
2019-06-17,175.25,36.1,139.15,94.73,-5.19,147.03,7.75
2019-07-16,192.51,40.67,151.84,98.3,3.57,154.51,2.63
2019-08-13,189.09,37.04,152.05,97.18,-1.12,156.54,4.41
2019-09-11,183.06,40.46,142.6,85.62,-11.56,166.97,24.01
2019-10-09,184.29,35.98,148.31,88.99,3.37,166.97,18.38
2019-11-06,180.65,43.13,137.52,82.62,-6.37,166.97,29.02
2019-12-05,200.18,45.14,155.04,92.96,10.34,166.97,11.75
2020-01-06,210.64,50.24,160.4,96.12,3.16,166.97,6.48
2020-02-04,237.92,52.49,185.43,100.0,3.88,185.43,0.0
2020-03-04,209.16,44.68,164.48,83.49,-16.51,197.51,32.61
2020-04-01,132.94,13.74,119.2,60.85,-22.64,197.51,77.33
2020-04-30,180.15,34.32,145.83,74.16,13.31,197.51,51.04
2020-05-29,205.37,40.47,164.9,83.7,9.54,197.51,32.19
2020-06-26,192.45,38.89,153.56,78.03,-5.67,197.51,43.39
2020-07-27,210.92,48.57,162.35,82.42,4.39,197.51,34.72
2020-08-24,244.51,57.32,187.19,94.84,12.42,197.51,10.19
2020-09-22,234.73,51.8,182.93,88.85,-5.99,206.21,22.99
2020-10-20,229.77,56.79,172.98,84.08,-4.77,206.21,32.83
2020-11-17,233.23,64.37,168.86,82.11,-1.97,206.21,36.89
2020-12-16,227.52,68.34,159.18,77.47,-4.64,206.21,46.46
2021-01-15,217.49,70.52,146.97,71.62,-5.85,206.21,58.52
2021-02-16,233.79,77.66,156.13,76.01,4.39,206.21,49.47
2021-03-16,272.53,78.86,193.67,93.99,17.98,206.21,12.39
2021-04-14,267.06,85.35,181.71,88.26,-5.73,206.21,24.21
2021-05-12,244.59,82.17,162.42,79.02,-9.24,206.21,43.26
2021-06-10,250.59,89.81,160.78,78.24,-0.78,206.21,44.87
2021-07-09,257.46,94.62,162.84,79.22,0.98,206.21,42.85
2021-08-06,257.54,97.23,160.31,78.01,-1.21,206.21,45.35
2021-09-03,223.55,101.38,122.17,59.74,-18.27,206.21,83.02
2021-10-04,226.06,90.07,135.99,66.36,6.62,206.21,69.37
2021-11-01,215.26,103.4,111.86,54.8,-11.56,206.21,93.21
2021-11-30,197.21,101.47,95.74,47.08,-7.72,206.21,109.13
2021-12-29,239.73,110.49,129.24,63.12,16.04,206.21,76.05
2022-01-27,228.34,89.59,138.75,67.68,4.56,206.21,66.65
2022-02-25,244.37,91.86,152.51,74.27,6.59,206.21,53.06
2022-03-25,224.45,97.91,126.54,61.83,-12.44,206.21,78.71
2022-04-25,228.4,86.8,141.6,69.05,7.22,206.21,63.82
2022-05-23,221.49,72.64,148.85,72.52,3.47,206.21,56.67
2022-06-22,190.63,63.12,127.51,62.3,-10.22,206.21,77.74
2022-07-21,217.81,72.71,145.1,70.72,8.42,206.21,60.38
2022-08-18,226.2,84.98,141.22,68.86,-1.86,206.21,64.21
2022-09-16,186.66,66.91,119.75,58.58,-10.28,206.21,85.41
2022-10-14,161.76,53.85,107.91,52.91,-5.67,206.21,97.1
2022-11-11,206.59,71.06,135.53,66.14,13.23,206.21,69.82
2022-12-12,222.5,70.93,151.57,73.82,7.68,206.21,53.99
2023-01-11,239.05,69.09,169.96,82.63,8.81,206.21,35.82
2023-02-09,231.19,73.66,157.53,76.68,-5.95,206.21,48.09
2023-03-10,209.28,64.3,144.98,70.67,-6.01,206.21,60.48
2023-04-10,219.77,73.97,145.8,71.06,0.39,206.21,59.68
2023-05-08,241.1,74.9,166.2,80.83,9.77,206.21,39.53
2023-06-06,235.03,81.01,154.02,75.0,-5.83,206.21,51.55
2023-07-06,245.43,85.42,160.01,77.87,2.87,206.21,45.63
2023-08-03,244.11,88.91,155.2,75.56,-2.31,206.21,50.4
2023-08-31,261.3,89.57,171.73,83.48,7.92,206.21,34.07
2023-09-29,245.42,79.47,165.95,80.71,-2.77,206.21,39.78
2023-10-27,216.56,72.07,144.49,70.43,-10.28,206.21,60.98
2023-11-27,254.38,90.05,164.33,79.94,9.51,206.21,41.37
2023-12-26,265.85,98.44,167.41,81.41,1.47,206.21,38.33
2024-01-25,275.87,103.14,172.73,83.96,2.55,206.21,33.08
2024-02-23,305.93,110.9,195.03,94.64,10.68,206.21,11.05
2024-03-22,311.53,115.96,195.57,94.9,0.26,206.21,10.52
2024-04-22,288.85,106.36,182.49,88.64,-6.26,206.21,23.43
2024-05-20,289.97,118.46,171.51,83.38,-5.26,206.21,34.27
2024-06-18,280.56,125.56,155.0,75.47,-7.91,206.21,50.58
2024-07-18,278.09,126.6,151.49,73.78,-1.69,206.21,54.07
2024-08-15,293.57,126.23,167.34,81.38,7.6,206.21,38.4
2024-09-13,312.83,129.28,183.55,89.14,7.76,206.21,22.39
2024-09-20,312.31,132.53,179.78,87.34,6.5,206.21,26.11
