Date,rate_BAC_5D,rate_VOO_20D,Divergence,Relative_Divergence,Delta_Previous_Relative_Divergence,Max_Divergence,Expected_Return
2015-01-02,0.0,0.0,0.0,100.0,0.0,0.0,0.0
2015-02-02,-9.58,-0.35,-9.23,82.93,-17.07,0.0,0.0
2015-03-03,-6.2,4.16,-10.36,80.84,-2.09,0.0,0.0
2015-03-31,-10.0,1.77,-11.77,78.23,-2.61,0.0,0.0
2015-04-29,-6.46,3.8,-10.26,81.02,2.79,0.0,0.0
2015-05-28,-2.38,4.7,-7.08,86.91,5.89,0.0,0.0
2015-06-25,1.74,3.4,-1.66,96.93,10.02,0.0,0.0
2015-07-24,4.83,2.43,2.4,97.35,0.42,3.94,0.1
2015-08-21,-5.75,-2.77,-2.98,88.07,-9.28,3.94,0.47
2015-09-21,-8.02,-3.24,-4.78,84.97,-3.1,3.94,0.59
2015-10-19,-5.36,0.19,-5.55,83.64,-1.33,3.94,0.64
2015-11-16,2.19,1.28,0.91,94.78,11.14,3.94,0.21
2015-12-15,2.1,0.99,1.11,95.12,0.34,3.94,0.19
2016-01-14,-12.11,-5.5,-6.61,81.81,-13.31,3.94,0.72
2016-02-12,-29.77,-8.03,-21.74,55.73,-26.08,3.94,1.74
2016-03-14,-19.65,-0.19,-19.46,59.66,3.93,3.94,1.59
2016-04-12,-21.66,1.51,-23.17,53.27,-6.39,3.94,1.84
2016-05-10,-15.46,2.72,-18.18,61.87,8.6,3.94,1.5
2016-06-08,-14.59,4.64,-19.23,60.06,-1.81,3.94,1.57
2016-07-07,-22.8,3.22,-26.02,48.35,-11.71,3.94,2.04
2016-08-04,-13.96,6.55,-20.51,57.85,9.5,3.94,1.66
2016-09-01,-5.01,6.98,-11.99,72.54,14.69,3.94,1.08
2016-09-30,-6.97,6.55,-13.52,69.9,-2.64,3.94,1.19
2016-10-28,-0.8,4.59,-5.39,83.92,14.02,3.94,0.63
2016-11-28,20.73,8.53,12.2,95.92,12.0,15.02,0.61
2016-12-27,34.22,11.22,23.0,96.27,0.35,25.99,0.97
2017-01-26,38.86,12.65,26.21,100.0,3.73,26.21,0.0
2017-02-24,43.24,16.21,27.03,95.84,-4.16,30.55,1.27
2017-03-24,36.31,14.65,21.66,86.6,-9.24,33.38,4.47
2017-04-24,39.01,16.11,22.9,88.02,1.42,33.38,4.0
2017-05-22,35.24,17.16,18.08,82.5,-5.52,33.38,5.84
2017-06-20,37.62,19.3,18.32,82.78,0.28,33.38,5.75
2017-07-19,40.62,20.55,20.07,84.78,2.0,33.38,5.08
2017-08-16,41.06,20.37,20.69,85.49,0.71,33.38,4.84
2017-09-14,41.05,21.78,19.27,83.87,-1.62,33.38,5.38
2017-10-12,47.72,23.78,23.94,89.21,5.34,33.38,3.6
2017-11-09,53.32,25.33,27.99,90.31,1.1,36.79,3.56
2017-12-08,67.65,28.66,38.99,99.23,8.92,39.71,0.31
2018-01-09,74.15,32.87,41.28,98.91,-0.32,42.33,0.46
2018-02-07,79.19,29.27,49.92,99.59,0.68,50.35,0.21
2018-03-08,84.03,32.18,51.85,98.69,-0.9,53.26,0.7
2018-04-06,68.85,25.03,43.82,91.13,-7.56,53.35,4.73
2018-05-04,66.48,27.87,38.61,86.28,-4.85,53.35,7.32
2018-06-04,66.57,31.88,34.69,82.63,-3.65,53.35,9.27
2018-07-02,59.8,30.25,29.55,77.84,-4.79,53.35,11.82
2018-07-31,74.5,34.73,39.77,87.36,9.52,53.35,6.74
2018-08-28,76.16,38.61,37.55,85.29,-2.07,53.35,7.85
2018-09-26,69.24,38.34,30.9,79.1,-6.19,53.35,11.15
2018-10-24,46.7,26.38,20.32,69.25,-9.85,53.35,16.41
2018-11-21,52.37,26.07,26.3,74.82,5.57,53.35,13.43
2018-12-21,30.27,14.29,15.98,65.21,-9.61,53.35,18.56
2019-01-23,60.9,24.93,35.97,83.82,18.61,53.35,8.63
2019-02-21,62.55,31.47,31.08,79.27,-4.55,53.35,11.06
2019-03-21,55.99,34.52,21.47,70.32,-8.95,53.35,15.83
2019-04-18,65.82,36.81,29.01,77.34,7.02,53.35,12.09
2019-05-17,56.4,34.65,21.75,70.58,-6.76,53.35,15.7
2019-06-17,53.48,36.1,17.38,66.51,-4.07,53.35,17.87
2019-07-16,58.91,40.67,18.24,67.32,0.81,53.35,17.43
2019-08-13,51.58,37.04,14.54,63.87,-3.45,53.35,19.28
2019-09-11,60.75,40.46,20.29,69.22,5.35,53.35,16.42
2019-10-09,51.85,35.98,15.87,65.11,-4.11,53.35,18.61
2019-11-06,78.04,43.13,34.91,82.83,17.72,53.35,9.16
2019-12-05,79.16,45.14,34.02,82.01,-0.82,53.35,9.6
2020-01-06,88.13,50.24,37.89,85.61,3.6,53.35,7.68
2020-02-04,80.99,52.49,28.5,76.87,-8.74,53.35,12.34
2020-03-04,52.5,44.68,7.82,57.61,-19.26,53.35,22.62
2020-04-01,6.16,13.74,-7.58,43.28,-14.33,53.35,30.26
2020-04-30,29.13,34.32,-5.19,45.5,2.22,53.35,29.08
2020-05-29,29.35,40.47,-11.12,39.98,-5.52,53.35,32.02
2020-06-26,23.96,38.89,-14.93,36.44,-3.54,53.35,33.91
2020-07-27,29.1,48.57,-19.47,32.21,-4.23,53.35,36.17
2020-08-24,37.17,57.32,-20.15,31.58,-0.63,53.35,36.5
2020-09-22,27.62,51.8,-24.18,27.83,-3.75,53.35,38.5
2020-10-20,28.51,56.79,-28.28,24.01,-3.82,53.35,40.54
2020-11-17,46.47,64.37,-17.9,33.67,9.66,53.35,35.39
2020-12-16,52.38,68.34,-15.96,35.48,1.81,53.35,34.42
2021-01-15,74.74,70.52,4.22,54.26,18.78,53.35,24.4
2021-02-16,81.01,77.66,3.35,53.45,-0.81,53.35,24.83
2021-03-16,98.27,78.86,19.41,68.4,14.95,53.35,16.86
2021-04-14,109.44,85.35,24.09,72.76,4.36,53.35,14.53
2021-05-12,115.61,82.17,33.44,81.47,8.71,53.35,9.89
2021-06-10,117.6,89.81,27.79,76.21,-5.26,53.35,12.69
2021-07-09,108.36,94.62,13.74,63.13,-13.08,53.35,19.67
2021-08-06,108.35,97.23,11.12,60.69,-2.44,53.35,20.97
2021-09-03,112.39,101.38,11.01,60.58,-0.11,53.35,21.03
2021-10-04,123.56,90.07,33.49,81.51,20.93,53.35,9.86
2021-11-01,146.01,103.4,42.61,90.0,8.49,53.35,5.34
2021-11-30,128.64,101.47,27.17,75.63,-14.37,53.35,13.0
2021-12-29,128.76,110.49,18.27,67.34,-8.29,53.35,17.42
2022-01-27,132.32,89.59,42.73,90.11,22.77,53.35,5.28
2022-02-25,129.3,91.86,37.44,84.78,-5.33,53.87,8.2
2022-03-25,122.09,97.91,24.18,72.49,-12.29,53.87,14.82
2022-04-25,88.86,86.8,2.06,52.0,-20.49,53.87,25.86
2022-05-23,81.22,72.64,8.58,58.04,6.04,53.87,22.6
2022-06-22,64.3,63.12,1.18,51.19,-6.85,53.87,26.29
2022-07-21,69.26,72.71,-3.45,46.9,-4.29,53.87,28.6
2022-08-18,82.1,84.98,-2.88,47.42,0.52,53.87,28.32
2022-09-16,70.9,66.91,3.99,53.79,6.37,53.87,24.89
2022-10-14,58.48,53.85,4.63,54.38,0.59,53.87,24.58
2022-11-11,91.58,71.06,20.52,69.1,14.72,53.87,16.65
2022-12-12,62.88,70.93,-8.05,42.63,-26.47,53.87,30.91
2023-01-11,70.74,69.09,1.65,51.62,8.99,53.87,26.06
2023-02-09,76.99,73.66,3.33,53.18,1.56,53.87,25.22
2023-03-10,49.68,64.3,-14.62,36.55,-16.63,53.87,34.18
2023-04-10,37.96,73.97,-36.01,16.73,-19.82,53.87,44.86
2023-05-08,36.53,74.9,-38.37,14.55,-2.18,53.87,46.03
2023-06-06,43.92,81.01,-37.09,15.73,1.18,53.87,45.4
2023-07-06,39.03,85.42,-46.39,7.12,-8.61,53.87,50.03
2023-08-03,54.15,88.91,-34.76,17.89,10.77,53.87,44.23
2023-08-31,40.7,89.57,-48.87,4.82,-13.07,53.87,51.27
2023-09-29,33.51,79.47,-45.96,7.51,2.69,53.87,49.82
2023-10-27,24.47,72.07,-47.6,5.99,-1.52,53.87,50.64
2023-11-27,41.98,90.05,-48.07,5.56,-0.43,53.87,50.87
2023-12-26,59.04,98.44,-39.4,13.59,8.03,53.87,46.55
2024-01-25,56.87,103.14,-46.27,7.23,-6.36,53.87,49.98
2024-02-23,58.72,110.9,-52.18,1.75,-5.48,53.87,52.93
2024-03-22,70.97,115.96,-44.99,8.41,6.66,53.87,49.34
2024-04-22,73.35,106.36,-33.01,19.51,11.1,53.87,43.36
2024-05-20,77.36,118.46,-41.1,12.02,-7.49,53.87,47.39
2024-06-18,81.65,125.56,-43.91,9.41,-2.61,53.87,48.8
2024-07-18,93.28,126.6,-33.32,19.22,9.81,53.87,43.52
2024-08-15,77.09,126.23,-49.14,4.57,-14.65,53.87,51.41
2024-09-13,75.21,129.28,-54.07,0.0,-4.57,53.87,53.87
2024-09-20,81.63,132.46,-50.83,3.0,-1.21,53.87,52.25
