Date,rate_MSFT_5D,rate_VOO_20D,Divergence,Relative_Divergence,Delta_Previous_Relative_Divergence,Max_Divergence,Expected_Return
2015-01-02,0.0,0.0,0.0,100.0,0.0,0.0,0.0
2015-02-02,-10.61,-0.35,-10.26,27.04,-72.96,0.8,0.58
2015-03-03,-6.27,4.16,-10.43,25.92,-1.12,0.8,0.59
2015-03-31,-11.94,1.77,-13.71,4.29,-21.63,0.8,0.77
2015-04-29,6.37,3.8,2.57,100.0,95.71,2.57,0.0
2015-05-28,2.83,4.7,-1.87,73.26,-26.74,2.69,0.72
2015-06-25,-1.09,3.4,-4.49,57.89,-15.37,2.69,1.13
2015-07-24,-0.43,2.43,-2.86,67.45,9.56,2.69,0.88
2015-08-21,-6.67,-2.77,-3.9,61.35,-6.1,2.69,1.04
2015-09-21,-4.35,-3.24,-1.11,77.71,16.36,2.69,0.6
2015-10-19,3.27,0.19,3.08,95.4,17.69,3.92,0.18
2015-11-16,16.46,1.28,15.18,98.4,3.0,15.66,0.25
2015-12-15,19.37,0.99,18.38,97.3,-1.1,19.29,0.52
2016-01-14,14.7,-5.5,20.2,99.51,2.21,20.37,0.1
2016-02-12,8.93,-8.03,16.96,82.75,-16.76,23.49,4.05
2016-03-14,14.56,-0.19,14.75,76.91,-5.84,23.49,5.42
2016-04-12,17.59,1.51,16.08,80.42,3.51,23.49,4.6
2016-05-10,9.7,2.72,6.98,56.38,-24.04,23.49,10.25
2016-06-08,11.78,4.64,7.14,56.8,0.42,23.49,10.15
2016-07-07,10.28,3.22,7.06,56.59,-0.21,23.49,10.2
2016-08-04,22.98,6.55,16.43,81.35,24.76,23.49,4.38
2016-09-01,23.22,6.98,16.24,80.85,-0.5,23.49,4.5
2016-09-30,23.24,6.55,16.69,82.03,1.18,23.49,4.22
2016-10-28,27.89,4.59,23.3,96.07,14.04,24.84,0.98
2016-11-28,29.24,8.53,20.71,89.46,-6.61,24.84,2.62
2016-12-27,34.7,11.22,23.48,96.53,7.07,24.84,0.86
2017-01-26,36.53,12.65,23.88,97.55,1.02,24.84,0.61
2017-02-24,36.99,16.21,20.78,84.45,-13.1,27.25,4.24
2017-03-24,37.46,14.65,22.81,89.33,4.88,27.25,2.91
2017-04-24,42.53,16.11,26.42,98.01,8.68,27.25,0.54
2017-05-22,44.12,17.16,26.96,94.42,-3.59,29.4,1.64
2017-06-20,46.81,19.3,27.51,87.52,-6.9,33.48,4.18
2017-07-19,54.74,20.55,34.19,100.0,12.48,34.19,0.0
2017-08-16,53.9,20.37,33.53,97.22,-2.78,34.9,0.97
2017-09-14,55.82,21.78,34.04,96.86,-0.36,35.61,1.12
2017-10-12,60.28,23.78,36.5,100.0,3.14,36.5,0.0
2017-11-09,74.22,25.33,48.89,99.0,-1.0,49.53,0.5
2017-12-08,73.82,28.66,45.16,93.16,-5.84,49.53,3.39
2018-01-09,81.62,32.87,48.75,98.76,5.6,49.54,0.61
2018-02-07,83.84,29.27,54.57,93.71,-5.05,59.2,3.72
2018-03-08,93.06,32.18,60.88,99.17,5.46,61.51,0.51
2018-04-06,83.87,25.03,58.84,93.49,-5.68,63.94,4.16
2018-05-04,93.25,27.87,65.38,98.09,4.6,66.93,1.28
2018-06-04,105.72,31.88,73.84,100.0,1.91,73.84,0.0
2018-07-02,101.65,30.25,71.4,96.28,-3.72,74.71,2.78
2018-07-31,113.88,34.73,79.15,91.94,-4.34,87.35,7.04
2018-08-28,121.48,38.61,82.87,95.6,3.66,87.35,3.84
2018-09-26,128.08,38.34,89.74,99.84,4.24,89.91,0.14
2018-10-24,103.95,26.38,77.57,86.86,-12.98,91.48,12.02
2018-11-21,104.78,26.07,78.71,87.93,1.07,91.48,11.04
2018-12-21,94.38,14.29,80.09,89.24,1.31,91.48,9.84
2019-01-23,110.45,24.93,85.52,94.37,5.13,91.48,5.15
2019-02-21,115.03,31.47,83.56,92.52,-1.85,91.48,6.84
2019-03-21,135.41,34.52,100.89,100.0,7.48,100.89,0.0
2019-04-18,140.67,36.81,103.86,100.0,0.0,103.86,0.0
2019-05-17,148.86,34.65,114.21,98.57,-1.43,116.07,1.66
2019-06-17,157.17,36.1,121.07,100.0,1.43,121.07,0.0
2019-07-16,164.29,40.67,123.62,96.96,-3.04,127.94,3.89
2019-08-13,166.16,37.04,129.12,98.86,1.9,130.77,1.49
2019-09-11,160.36,40.46,119.9,92.51,-6.35,130.77,9.79
2019-10-09,163.38,35.98,127.4,97.68,5.17,130.77,3.03
2019-11-06,173.37,43.13,130.24,97.82,0.14,133.46,2.91
2019-12-05,183.35,45.14,138.21,97.47,-0.35,142.17,3.6
2020-01-06,199.29,50.24,149.05,98.52,1.05,151.5,2.24
2020-02-04,237.51,52.49,185.02,100.0,1.48,185.02,0.0
2020-03-04,218.23,44.68,173.55,88.26,-11.74,198.54,23.31
2020-04-01,182.71,13.74,168.97,86.11,-2.15,198.54,27.58
2020-04-30,233.07,34.32,198.75,99.4,13.29,200.04,1.2
2020-05-29,239.14,40.47,198.67,94.69,-4.71,210.62,11.18
2020-06-26,261.8,38.89,222.91,98.04,3.35,227.65,4.46
2020-07-27,273.99,48.57,225.42,91.16,-6.88,248.66,21.98
2020-08-24,290.3,57.32,232.98,94.04,2.88,248.66,14.82
2020-09-22,277.15,51.8,225.35,88.19,-5.85,257.44,30.4
2020-10-20,288.6,56.79,231.81,90.57,2.38,257.44,24.28
2020-11-17,286.58,64.37,222.21,87.04,-3.53,257.44,33.36
2020-12-16,293.56,68.34,225.22,88.15,1.11,257.44,30.51
2021-01-15,280.02,70.52,209.5,82.36,-5.79,257.44,45.41
2021-02-16,333.58,77.66,255.92,98.72,16.36,259.42,3.32
2021-03-16,321.09,78.86,242.23,93.72,-5.0,259.42,16.29
2021-04-14,350.78,85.35,265.43,98.41,4.69,269.95,4.29
2021-05-12,319.67,82.17,237.5,87.35,-11.06,273.98,34.66
2021-06-10,349.74,89.81,259.93,95.13,7.78,273.98,13.34
2021-07-09,383.78,94.62,289.16,98.72,3.59,293.1,3.75
2021-08-06,401.59,97.23,304.36,98.98,0.26,307.63,3.14
2021-09-03,419.5,101.38,318.12,96.6,-2.38,329.81,11.21
2021-10-04,386.25,90.07,296.18,90.23,-6.37,329.81,32.22
2021-11-01,463.15,103.4,359.75,98.35,8.12,366.02,6.04
2021-11-30,465.23,101.47,363.76,96.03,-2.32,379.4,15.06
2021-12-29,482.04,110.49,371.55,98.01,1.98,379.4,7.55
2022-01-27,408.1,89.59,318.51,84.54,-13.47,379.4,58.66
2022-02-25,401.62,91.86,309.76,82.31,-2.23,379.4,67.12
2022-03-25,410.17,97.91,312.26,82.95,0.64,379.4,64.69
2022-04-25,369.57,86.8,282.77,75.46,-7.49,379.4,93.1
2022-05-23,334.18,72.64,261.54,70.07,-5.39,379.4,113.55
2022-06-22,319.92,63.12,256.8,68.86,-1.21,379.4,118.15
2022-07-21,337.58,72.71,264.87,70.91,2.05,379.4,110.37
2022-08-18,377.47,84.98,292.49,77.93,7.02,379.4,83.73
2022-09-16,301.12,66.91,234.21,63.13,-14.8,379.4,139.88
2022-10-14,273.15,53.85,219.3,59.34,-3.79,379.4,154.26
2022-11-11,301.93,71.06,230.87,62.28,2.94,379.4,143.11
2022-12-12,309.13,70.93,238.2,64.14,1.86,379.4,136.05
2023-01-11,280.58,69.09,211.49,57.36,-6.78,379.4,161.78
2023-02-09,323.89,73.66,250.23,67.2,9.84,379.4,124.44
2023-03-10,298.22,64.3,233.92,63.05,-4.15,379.4,140.19
2023-04-10,361.75,73.97,287.78,76.73,13.68,379.4,88.29
2023-05-08,390.53,74.9,315.63,83.8,7.07,379.4,61.46
2023-06-06,428.18,81.01,347.17,91.81,8.01,379.4,31.07
2023-07-06,438.03,85.42,352.61,93.2,1.39,379.4,25.8
2023-08-03,412.95,88.91,324.04,85.94,-7.26,379.4,53.34
2023-08-31,414.68,89.57,325.11,86.21,0.27,379.4,52.32
2023-09-29,393.86,79.47,314.39,83.49,-2.72,379.4,62.64
2023-10-27,413.85,72.07,341.78,90.45,6.96,379.4,36.23
2023-11-27,487.55,90.05,397.5,100.0,9.55,397.5,0.0
2023-12-26,479.1,98.44,380.66,94.5,-5.5,403.65,22.2
2024-01-25,523.32,103.14,420.18,100.0,5.5,420.18,0.0
2024-02-23,529.22,110.9,418.32,95.92,-4.08,436.73,17.82
2024-03-22,554.8,115.96,438.84,100.0,4.08,438.84,0.0
2024-04-22,509.93,106.36,403.57,92.22,-7.78,438.84,34.14
2024-05-20,544.48,118.46,426.02,97.17,4.95,438.84,12.42
2024-06-18,573.63,125.56,448.07,99.21,2.04,451.74,3.57
2024-07-18,561.98,126.6,435.38,91.83,-7.38,475.4,38.84
2024-08-15,530.45,126.23,404.22,85.47,-6.36,475.4,69.08
2024-09-13,542.28,129.28,413.0,87.26,1.79,475.4,60.57
2024-09-20,549.26,132.46,416.8,88.03,4.49,475.4,56.91
